0.693048
1.03341
1.05589
0.857503
0.617088
0.645339
1.28529
0.886063
0.802057
1.19311
0.476495
1.82833
0.858046
1.35915
1.74703
1.84129
0.854286
0.882712
0.82068
1.90598
0.734346
1.03957
0.770632
0.817745
0.90392
0.754025
1.07386
0.998779
1.20488
0.87781
0.853596
1.90355
0.86469
0.765042
0.800198
1.14581
1.08264
0.699241
0.989091
0.906021
0.635359
0.989688
0.98869
1.03775
1.82436
0.861366
1.25395
1.46172
1.93146
1.30588
0.903802
0.983519
0.826494
1.30937
0.61667
1.35237
0.811623
1.33718
1.37193
1.41241
1.24837
1.63547
1.06322
1.27431
1.41389
1.36541
1.08524
1.06669
0.716062
1.28516
1.05331
1.09784
0.670257
1.33081
1.04485
0.939088
1.41092
0.769711
1.1264
1.62827
1.45242
1.18565
1.05673
1.18845
0.641674
1.09873
1.59375
1.57034
0.788056
1.40699
1.33533
2.06261
0.855257
1.06395
1.79008
2.27186
1.12196
1.96795
1.48246
1.45381
2.06764
1.30417
1.25956
0.786848
1.12196
1.70295
1.40064
0.853654
0.457217
1.75794
1.06383
0.660254
0.81598
1.27899
2.00186
0.850422
1.5484
1.27959
1.71595
0.935024
1.52827
1.99179
1.24406
2.09958
1.09994
1.35088
0.640092
1.60633
0.891547
2.20656
2.28398
0.78822
1.97807
1.81539
1.64419
1.53061
1.00721
0.57501
0.306588
0.80336
1.34206
1.01119
0.863248
1.82902
0.392711
0.982916
1.82845
1.72357
2.12999
1.33588
1.63669
1.05454
1.80279
1.20632
1.02839
1.60334
1.07321
1.37268
1.69498
1.59598
0.728097
0.76537
1.31382
1.90898
0.827921
1.71253
1.29497
1.59931
0.552325
1.58026
1.99982
1.30057
2.58018
1.31095
0.708097
0.959358
1.49514
1.88114
1.26474
1.96521
1.37789
1.44014
1.52601
0.849727
0.788788
1.37373e-008
1.21019
1.36752
1.09285
1.83124
1.73671
0.761582
0.602176
1.07125
0.477123
0.691894
1.02794
1.41943
0.722686
0.72572
1.05395
1.48413
1.53687
1.45686
0.893
1.17543
1.60239
1.30069
1.42858
1.19407
1.96243
1.17942
0.992487
1.29038
1.83303
0.957873
1.18107
2.10257
1.10978
1.61189
1.8202
1.56484
1.35568
0.539175
1.0866
1.57014
1.5905
1.28122
1.18565
0.883474
0.86048
0.696399
1.00716
2.05289
0.959464
2.20909
1.32246
1.89256
1.71515
1.28597
1.40692
0.726663
0.939001
0.769978
0.947842
1.84156
1.97603
1.02515
0.852261
1.25165
1.48918
1.27004
0.82716
1.39795
0.79646
1.21899
1.75925
2.19353
2.39779
1.28755
0.71841
1.58989
1.77045
1.27021
0.90045
2.30628
1.58967
1.6451
0.900663
1.13175
0.808297
5.14134e-010
2.42914
0.713297
0.939377
0.600826
1.41999
0.902441
0.835192
1.3288
1.1781
0.815511
0.779008
7.66705e-009
0.928375
1.54419
1.33713
1.33468
0.974575
1.65421
1.15649
1.16217
1.41095
0.266194
0.901813
1.09688
0.807079
1.56103
2.37957
1.03569
0.77122
1.58794
1.1268
1.28475
1.29528
1.1272
1.09007
0.662653
1.17192
1.32991
0.850402
0.820664
1.20265
0.998059
1.13514
1.18711
0.782373
1.06749
0.562876
1.24125
2.04764
1.78981
2.01569
1.88598
1.3116
1.54235
0.949328
1.13457
0.699086
0.778172
1.19661
0.992737
1.83554
1.09865
0.663443
0.920072
0.901074
1.2635
1.42318
1.94457
1.02832
1.81751
2.18564
1.97515
2.07649
1.31815
0.462454
1.68945
1.2131
1.61473
0.896211
1.1295
1.37008
0.828653
1.47035
0.99255
1.03246
1.31456
2.34954
1.2481
0.873875
0.656582
1.06349
0.63854
0.67598
1.16488
0.982696
0.768606
1.07541
1.06324
1.54475
1.39217
1.57283
1.64126
1.03835
0.640453
0.681551
0.642289
1.0383
2.40118
1.43518
1.79781
1.22268
1.05825
1.66173
2.5083
1.53463
1.40987
0.941691
0.847825
1.02717
0.643241
0.844446
0.957188
0.907712
0.850789
0.764451
0.734648
0.968939
0.928315
1.11511
0.820049
1.54804
1.35851
1.17867
0.779608
2.15832
1.6106
1.27436
1.74095
2.38777
1.85481
1.46659
0.872519
1.90116
1.15814
0.648411
1.42132
1.66852
1.39439
1.37917
0.736568
1.10644
1.64485
0.602315
2.13542
1.12898
0.855949
1.02613
0.640487
0.683105
1.15051
0.809937
1.18412
0.735405
0.757581
1.22883
0.632692
0.954074
1.74909
1.01452
1.1912
1.24882
1.12375
0.906807
0.952424
1.07237
0.951053
0.875386
2.39148
1.16488
1.14335e-008
1.66818
0.820799
0.800699
1.87539
0.944193
1.753
1.05318
1.025
1.46156
0.732918
1.24995
1.13185
0.451146
1.36108
0.724737
0.798114
1.58308
1.00361
0.783026
0.468581
0.709985
1.48531
0.72919
1.5223
1.61549
0.540271
1.58219
0.795559
0.840667
1.41397
1.66984
1.82858
1.91536
1.24583
0.96708
0.871823
1.06753
0.796532
1.34186
1.57379
1.91501
1.37995
0.95769
1.12333
2.0235
1.14524
2.19017
1.81049
1.21192
1.56197
0.963634
1.46516
0.742413
1.40083
1.16862
1.68544
1.23082
1.51805
2.00336
1.66494
1.14288
1.91178
1.15599
1.77198
0.598127
1.15925
1.13318
1.82634
1.67773
1.41135
0.562051
1.13993
1.17325
1.20079
2.20979
1.69282
0.498254
1.97475
1.78978
1.85833
1.46825
0.766052
1.33702
1.62053
0.957269
1.46485
1.67524
0.976877
1.84454
0.689309
1.82814
1.04283
0.875158
0.589155
1.03616
1.44926
1.44989
0.394545
0.731619
1.45417
2.00987
0.929695
1.59171
1.25426
1.51709
0.983862
0.626052
0.60107
1.1836
2.01597
0.652385
1.50849
2.15352
1.01385
1.05495
1.95794
1.68851
1.13838
0.750566
1.49935
1.05372
1.35388
1.68378
0.860039
0.763524
0.665
2.08059
1.01191
1.25379
1.6086
0.890995
1.40682
1.63553
1.38232
1.88727
1.58624
1.89715
1.10063
1.29199
1.11717
1.94059
1.78777
1.78788
0.786122
0.886945
0.873655
0.550832
0.891242
0.892763
1.30482
0.842754
1.71109
0.509149
1.4164
1.55597
1.52532
0.603163
0.780601
1.41854
1.6995
1.27486
0.921431
0.68711
1.00774
1.12862
0.749828
0.996994
1.70608
1.01404
1.05532
0.69295
0.617194
0.588299
1.63489
0.779747
1.79209
1.26577
1.08206
1.30853
0.919932
1.54056
0.649285
1.79225
1.05388
1.43836
1.93182
1.39696
2.11358
1.71518
0.955132
0.916309
0.877592
1.25725
1.17339
0.724924
1.11957
0.665454
1.04086
1.89942
1.28682
1.88702
1.2493
0.767821
1.22744
0.977857
0.851104
0.924402
1.78647
0.507896
0.916842
1.31086
1.36486
1.13438
0.853957
1.04712
0.446999
1.15636
1.07841
1.39596
1.54856
1.58216
1.10035
2.27599
1.82618
0.984005
0.807864
1.23899
0.454236
1.85032
1.27353
0.728505
0.94466
1.76437
1.68688
0.811828
1.56325
0.767172
1.75288
0.477518
1.01259
1.15732
1.20267
1.16143
1.09254
1.49355
0.754954
1.51176
1.13264
0.754851
1.87246
1.25157
0.934177
0.900008
0.563155
0.941123
0.966537
1.00199
0.789117
1.44318
1.57184
1.73478
0.848765
0.948254
1.53228
0.767549
0.558952
1.87402
1.51555
2.05446
1.71714
1.26294
1.96139
1.72443
1.75377
1.55678
0.91239
1.2924
1.10304
1.21284
1.54027
1.76986
0.679674
0.58272
0.727265
1.15968
1.45427
1.49994
0.952463
0.846309
1.22062
1.05449
1.01785
1.78104
1.18346
1.08214
2.20186
1.00131
0.824717
1.75031
0.643516
1.55192
2.18268
0.819104
1.05123
1.43871
0.700264
0.768003
1.94042
1.68925
2.33322
2.25132
1.37825
1.12509
1.04552
1.18847
1.13574
0.599481
1.01147
1.37455
1.21121
0.902085
0.810267
1.41554
1.34843
1.17822
2.22023
0.879404
1.50451
1.37245
1.4074
1.3687
0.643533
0.516544
1.34876
1.14922
1.19135
0.783635
0.802971
0.708739
0.854431
1.17362
0.743285
1.07356
1.62455
1.54325
1.6908
1.4218
1.84458
0.385193
0.851104
1.29377
1.22773
0.962608
1.14315
0.817157
0.86517
0.961991
2.08516
1.72827
1.5675
1.0029
1.12078
0.921623
1.10246
1.07135
1.02039
1.13799
0.912005
1.06143
1.44542
1.36161
0.978005
0.567173
1.23229
0.73195
1.04419
0.593489
1.73216
0.737331
0.586051
0.814826
1.06416
0.891141
1.75221
2.15428
1.1988
1.38542
0.945027
0.671983
1.28942
0.884805
1.53191
0.562739
1.11896
1.67709
0.742389
1.51121
1.81208
1.294
2.11216
1.78463
0.922286
1.12582
1.55569
1.31174
1.3775
1.49588
1.47674
0.807048
1.39713
0.595675
0.898151
0.881863
0.633329
0.649355
0.928083
0.812876
0.278501
0.49822
1.3286
1.05336
1.54269
1.44122
1.39367
0.655264
1.03506
1.03542
1.14483
1.42265
1.26381
0.776945
1.48788
1.82605
1.75513
1.889
1.41318
1.89862
1.01234
1.3622
1.40554
1.61084
1.57092
1.66859
2.17682
1.41157
1.31582
0.72143
1.4126
0.787969
0.930083
1.2653
0.757269
0.750356
0.694815
0.622463
1.14457
1.87701
1.05373
0.670909
0.667737
1.64038
0.764767
1.12835
0.859193
1.97748
1.03022
0.378513
1.21578
1.24661
1.18136
1.56386
1.06707
1.13862
1.37274
1.68516
0.950723
0.623467
1.52271
0.854759
2.23177
1.56554
0.945432
0.663209
0.7721
1.06206
1.60068
1.0618
0.85058
1.42986
1.31018
1.29504
1.69501
1.3976
1.67086
2.46774
1.88792
1.83643
0.946778
1.28423
1.73539
1.21584
2.16955
1.45145
1.30622
1.02302
1.51452
1.77771
1.06167
0.954708
0.908568
1.01143
0.602068
1.29369
1.21476
1.6479
1.09685
1.48635
0.828887
1.03858
1.93492
0.795169
0.794224
1.05788
0.887731
1.12043
1.50457
1.06613
1.25304
2.19374
1.68471
0.893048
0.926704
1.48979
0.950343
0.871703
1.41459
0.805168
1.0331
0.817462
0.841694
0.966948
1.37844
1.54775
1.20223
1.55512
1.03075
1.5053
1.39448
0.612933
1.13893
0.680562
1.70196
1.19918
1.06131
1.55548
2.0948
0.897668
1.6077
1.82549
1.03056
1.3316
0.942132
1.22591
0.884918
1.30145
1.28211
0.975971
1.1108
1.31028
1.10523
1.16025
1.26147
1.73315
1.3982
1.27229
1.00048
1.45036
1.08824
1.87531
1.69251
2.18727
2.04097
0.847506
2.05297
1.56434
1.67332
1.6821
2.13692
1.43279
1.57227
1.19711
1.64925
2.03539
0.988201
0.918905
0.715917
1.08712
1.39976
1.03664
1.55111
1.23202
1.59504
0.871444
1.50502
2.29387
1.64595
0.738753
0.803922
0.786781
0.964491
0.805297
1.4701
1.11143
1.64975
0.964167
1.27988
1.29819
1.1076
0.990526
2.14011
1.86563
1.05551
1.37747
1.31926
0.855234
1.28098
0.611516
1.8018
0.670865
1.31308
1.36194
0.970295
1.47387
0.821159
1.62823
1.06677
1.07894
1.12975
0.957409
1.95504
0.697565
1.34308
0.843608
1.90716
1.66657
2.01608
1.53106
1.44716
1.48812
0.927905
0.5128
0.925343
0.972436
0.530921
1.03475
1.37531
0.592851
1.49369
1.69774
1.21127
0.68972
0.652748
1.07308
1.53075
1.42239
1.46255
0.767358
1.01869
1.28889
0.92847
1.40763
1.31137
0.968344
0.640486
0.751836
0.533795
0.92446
1.73534
1.43025
0.75771
0.620042
0.893204
1.79115
0.847919
2.08609
0.890408
0.879862
2.03403
0.791506
1.44306
0.678985
0.985942
1.2253
0.903368
1.01481
1.10329
1.34322
0.966441
1.48676
0.928596
1.54898
0.750455
1.18248
0.918487
0.669821
0.740421
0.730711
2.2635
0.853768
0.889783
0.471385
1.41832
0.459424
1.42573
1.83916
1.02549
0.581064
0.958749
1.30515
0.743364
1.49837
1.33308
1.29592
1.19185
1.64127
1.13206
0.969357
1.22515
1.15515
1.43563
1.74564
0.803819
1.81017
1.33632
1.069
1.40579
0.956179
0.960089
0.815365
1.18088
1.51736
1.45444
1.52295
1.18058
1.49268
0.745508
1.46023
0.561114
0.92421
1.23839
1.85896
1.81809
0.525759
0.835684
0.852284
0.902
0.760604
1.20925
1.1976
0.503531
0.640153
1.75719
0.72861
1.34265
1.96905
1.19024
1.26006
1.58136
1.09901
1.62991
1.01452
0.876439
1.4298
0.772562
1.62967
0.733687
0.687114
1.76439
1.03011
0.840235
0.55176
1.73062
1.20764
1.49685
1.31815
1.5302
0.475761
1.45405
1.1602
0.207799
1.61538
1.17618
1.82731
1.61011
1.04667
1.28456
1.14373
0.571776
1.38516
0.77275
1.3042
1.4158
1.05238
0.665538
0.653532
1.36839
0.963234
1.89392
0.888846
1.05219
1.28664
0.850933
1.4714
1.66738
0.975757
0.430253
0.692517
1.80521
0.730421
0.913798
1.59256
1.25808
1.20754
0.92202
0.885429
0.912143
1.18757
1.446
1.66457
0.816792
0.859795
1.3929
0.696228
1.06937
1.26422
1.25403
1.08342
1.80992
1.169
1.56875
0.715112
0.85419
1.2181
1.08447
0.883266
1.07271
0.687656
1.12434
0.929882
0.996464
1.78078
1.21784
1.57751
0.709188
1.51931
0.367405
0.701568
1.16754
0.759938
1.20991
1.07307
0.934319
0.773577
0.9847
0.780674
1.39171
1.00784
0.768321
1.65854
1.12085
1.58367
0.679312
0.669933
1.1855
1.37717
0.956042
0.65908
1.06331
0.755127
1.36044
1.79031
1.5234
2.62669
1.04657
1.58025
1.10846
0.528779
0.888651
1.26837
0.970696
0.969333
0.91646
1.16853
0.901312
1.59449
1.49633
0.844069
0.919917
0.92581
1.31201
1.82808
1.9337
1.06782
0.926427
0.934002
0.85664
1.14021
0.960566
0.980874
0.984634
0.908819
0.844607
1.06049
1.35167
0.913647
0.981526
1.44771
1.16811
0.66041
1.22084
1.36994
0.954413
1.22475
1.2167
1.11738
1.53943
0.541568
1.36136
0.893759
1.97341
1.24571
1.12079
1.17535
0.549674
0.912546
0.744443
1.55459
1.47407
0.997628
1.84092
0.784816
0.714752
1.06421
1.09086
1.00397
1.28617
1.08681
0.906126
0.616095
0.997177
1.71595
0.864339
1.57073
0.502865
0.961683
1.00836
0.581608
1.01263
1.24479
1.47746
1.32234
1.13362
0.356336
0.906679
1.64326
1.41246
1.00364
1.20726
1.01398
0.93925
1.52889
0.99528
0.493971
0.784305
0.440278
1.67653
1.40743
1.83655
0.686278
1.12281
1.27197
1.02921
1.02577
0.986951
1.20786
1.16896
0.439201
0.954126
0.877989
1.46376
0.871347
1.31725
1.44778
0.850855
1.72499
1.09192
2.20844
1.85204
0.87892
1.2935
1.81768
0.935734
0.637973
0.747398
1.50488
1.51159
1.12727
1.07926
0.6598
0.930947
1.0704
1.88461
0.273747
0.613564
1.153
1.50318
1.51866
0.787069
1.43414
1.60921
0.964041
0.93758
1.30204
1.37294
1.68498
1.11772
0.410229
1.04292
1.27117
1.0861
1.69195
1.65312
2.02017
0.853148
1.38287
1.59232
1.1018
1.58251
0.800304
0.630618
1.17441
1.40239
1.06772
0.818359
0.994225
1.0817
0.832061
0.851734
0.943772
1.29503
0.712709
1.35175
0.87624
0.466337
0.777073
1.13242
1.02549
0.788762
1.11872
1.28547
1.71688
0.887816
0.885191
1.1691
1.11681
0.739917
1.06607
1.67671
1.74893
1.98643
0.977034
1.02867
0.604156
1.02845
0.82279
1.50948
1.98386
0.972301
1.31902
0.704906
0.99333
2.21677
1.86921
0.416273
1.03803
0.898952
0.734548
1.23545
0.411444
0.745619
0.293102
0.678997
1.64888
0.838962
0.512731
0.613211
0.527631
1.42421
1.45869
1.06281
0.937441
1.17513
0.608019
0.643892
0.96632
1.07346
1.15753
1.29746
1.1049
1.10049
0.785402
1.08876
1.226
1.34101
2.05218
0.647583
0.532238
0.850865
0.845156
0.697285
0.515282
1.23372
1.16715
0.552646
0.897238
0.503735
0.864964
0.885257
1.206
0.97595
0.757095
0.333308
0.997525
2.10862
1.48385
0.782284
1.53617
1.57601
1.4208
1.31705
1.36532
1.34862
1.77953
1.37834
0.952946
1.75874
0.661392
0.904904
0.775483
1.84059
1.2498
1.02094
0.778573
2.00585
1.29442
0.54653
1.57378
1.06664
1.13201
1.5779
1.14355
0.767378
1.0453
0.8374
0.739405
0.912759
1.21135
1.09337
1.02776
0.664616
1.09119
0.924403
0.949396
1.13288
0.833631
2.04383
0.793705
0.779707
1.25934
0.981772
1.08373
1.5684
0.940555
0.706929
1.15041
1.26132
1.00527
1.47877
1.08498
1.26271
0.88951
1.09362
1.51853
1.46909
0.840148
0.626959
1.4776
1.68398
0.790669
1.35354
0.706277
0.766457
0.805342
1.61348
0.600537
1.23453
1.21333
0.677289
1.41221
0.875334
0.741033
1.32419
1.45852
1.11516
0.849513
1.22084
1.54924
0.987202
1.53888
0.912646
1.62878
0.699704
1.42643
1.37699
1.51816
0.760176
2.21046
1.80813
0.666744
0.766721
0.905672
0.609322
0.59458
1.5622
1.19708
1.22821
1.46017
1.11327
0.735013
1.45337
1.05023
0.833358
0.994392
0.912889
0.456924
1.61659
0.894605
1.35265
0.801314
0.948611
0.898388
0.877555
0.737982
2.03039
0.770454
0.837446
0.953196
1.17966
0.886791
0.636021
1.18572
1.1223
0.738494
0.922967
1.12545
0.94973
1.1848
1.72396
1.34246
1.04899
0.893781
0.96103
0.752163
1.3611
1.2524
0.930921
1.40312
0.98835
1.68385
1.75872
1.34807
1.12435
1.59311
0.863876
0.922293
1.41269
1.12301
0.874449
0.726129
1.18508
1.06225
0.920324
0.646377
0.653893
1.07386
1.49154
1.26277
1.10726
1.06775
1.10874
1.44095
0.730155
1.75814
0.509409
0.884775
1.45534
1.5086
2.24833
1.52175
0.73697
1.9076
1.15218
0.595504
1.4359
1.66615
0.653632
1.35985
0.574479
0.633968
1.03388
0.747273
1.73141
1.24031
0.775043
1.75987
1.69505
1.53534
1.496
1.55701
1.63645
1.02741
1.60523
1.32756
1.12179
1.11902
1.2068
1.01569
1.58332
1.09167
0.78037
1.0747
1.1051
1.01735
0.645068
0.846034
0.360542
1.31113
1.09716
0.538912
0.755861
0.627774
0.918347
0.942757
0.75425
0.802863
0.944077
1.4637
0.9654
0.959712
1.3561
0.919546
1.51126
0.662758
1.60365
0.667526
1.41413
1.74928
0.809369
1.95998
0.993413
0.76025
1.28434
1.4451
0.859696
0.676055
1.04541
1.12649
1.09564
1.11264
1.6477
1.19308
1.09236
1.26441
0.849639
1.4216
0.634726
1.25347
1.0763
1.14687
0.99596
1.71446
0.644523
2.21891
1.18246
1.24194
1.06201
1.58132
1.76279
1.109
0.845054
0.995378
0.821759
0.578245
0.705869
1.20213
1.31619
0.945306
2.36062
1.21695
0.802758
1.34103
1.92892
2.05665
1.90196
1.71447
0.734442
0.575224
1.84793
1.21762
1.01138
0.659481
0.790821
1.07895
1.08129
0.760624
0.662911
0.601213
1.60741
1.36351
0.692066
0.659373
1.20709
1.23701
1.03642
0.489244
0.636822
0.641093
1.16918
1.05546
1.51755
0.951879
0.524591
0.720816
0.653962
0.589091
0.705131
1.87816
0.764875
1.60371
0.901663
1.33741
1.11071
1.49802
0.998851
1.64507
0.767538
0.875581
1.08733
1.55414
1.38574
0.588195
1.73067
1.67925
1.05308
1.1036
1.24759
1.06122
1.64166
1.36128
0.557489
1.42994
1.08589
0.578946
1.43349
1.05234
2.24808
0.744921
2.17175
2.16455
1.08808
0.675074
1.5402
1.98665
1.13105
1.54886
0.83589
0.816896
0.556005
1.76321
0.617912
1.17058
1.13084
0.924269
1.83123
1.05935
1.38636
1.09466
1.31888
1.58334
0.707638
1.04091
1.20607
1.25619
1.18119
0.978104
0.609313
1.50618
1.59742
0.451711
1.01132
1.41321
0.738772
0.941146
0.46972
0.841912
0.773962
1.81175
1.04454
0.999131
0.871602
1.00415
0.933253
1.09194
0.721256
0.838561
1.18375
0.704889
1.13985
1.08466
1.11872
1.06782
1.77014
0.610036
1.83225
0.981469
0.71956
0.727104
1.31003
1.1632
1.30543
0.645644
1.7519
0.503988
0.520698
0.856481
0.471616
1.21161
1.88492
0.634977
1.5805
0.76446
1.17272
0.852377
1.46409
0.951644
0.25199
1.45023
0.914321
0.747989
0.74168
0.699486
2.02049
0.564609
1.19991
0.789406
1.02041
1.17248
0.815684
0.849661
1.09782
1.44302
2.10841
1.07022
1.29468
1.54805
0.593339
0.714956
1.28768
1.12302
4.24867e-008
0.653581
0.86698
1.40964
0.947763
1.12729
0.70563
1.02825
0.914928
1.10276
1.46841
2.01383
1.13835
1.4916
1.52534
0.798574
1.25006
0.532737
1.16015
1.24722
0.743184
0.891214
1.26285
1.01721
1.62917
0.484277
1.83403
1.84926
0.520081
1.82926
1.53834
1.02542
0.836662
1.56409
1.93301
1.36495
1.63826
1.71463
0.599299
1.46268
1.20221
0.81839
0.686378
1.34362
0.535246
0.594993
1.98706
1.81216
1.37872
1.16046
1.95478
1.27168
0.532849
0.824107
2.01963
1.36607
1.45174
0.839176
1.12809
0.679088
0.974063
0.989028
0.664259
0.676241
0.499402
0.891738
1.21553
1.89684
1.59662
1.96721
1.32511
1.17063
0.737449
1.24003
0.690726
0.51936
0.788
0.547591
2.23266
0.553815
0.525665
0.518941
0.718348
0.678275
0.905715
0.789111
0.795627
0.604681
0.766819
1.17858
0.580935
0.716716
1.08651
1.19917
0.908282
0.965702
0.678834
0.886781
1.43768
1.12967
1.61708
0.90641
0.751433
1.38116
1.07668
1.3172
0.723461
0.553059
0.924263
0.773269
0.877183
1.0535
0.762348
1.66516
2.04553
0.355685
0.766854
0.692504
1.28966
1.36813
2.04891
1.02565
1.64274
0.60393
1.20432
1.25713
0.653384
1.14429
0.703616
1.7588
0.744669
0.97349
1.2111
1.7436
0.871512
1.30013
1.75872
1.22242
2.1526
0.615243
1.91461
0.93249
1.69328
0.515109
0.611514
1.13997
0.553405
0.505059
0.850675
0.688216
0.796546
1.78817
0.5625
1.28402
1.46295
1.33368
0.512049
2.13165
1.34286
0.605478
1.1841
0.780746
0.8416
1.17524
0.794123
0.57895
0.840207
0.437514
0.686597
1.62991
1.18041
0.798669
1.1247
0.614906
1.32971
1.38616
1.54056
0.367539
1.05307
1.71693
1.36138
0.78325
1.0674
1.47858
1.02481
0.985805
0.934845
0.638774
0.755321
1.23017
0.767476
0.894919
1.06838
1.26198
1.08621
1.62536
1.08634
1.33925
1.20684
1.22174
1.0795
0.736915
0.983812
1.44015
0.526509
0.986928
1.19871
1.61193
0.904361
1.5726
0.785287
1.7407
0.714886
1.83472
0.930061
0.615429
1.36591
1.63278
0.872137
1.48053
1.59872
0.787269
1.41054
1.99866
1.45438
1.26251
1.70991
2.06321
1.29285
0.796944
0.582204
0.889364
1.18603
1.16899
0.844394
1.02379
0.882038
0.823203
0.674794
1.39454
0.62909
0.452961
1.35193
0.47521
1.87167
1.26403
0.680244
0.682262
1.65121
1.63682
0.779376
0.818623
0.807386
1.19989
1.10934
1.11805
1.42646
0.463573
1.85303
2.17898
0.716181
0.749787
1.33151
1.59142
0.862403
1.1013
1.75876
0.850974
1.20989
0.687517
0.534212
0.551775
1.83023
0.726609
1.14382
0.983339
1.14984
1.29787
0.609671
0.783403
1.86926
1.63602
1.54624
1.83986
1.25387
1.69125
1.58746
1.74296
1.90343
0.917524
0.442782
1.27346
1.74213
0.848281
1.51741
0.864861
1.07377
0.993578
0.924583
0.846236
1.60625
1.03148
1.00928
0.685765
1.24574
0.971801
0.876537
2.20446
1.56876
2.07573
0.987413
0.676572
0.884932
2.02902
0.900887
1.86801
1.08112
0.993326
1.15975
0.662203
1.27384
0.840581
1.19903
1.36584
1.09488
1.41562
1.87512
1.76552
0.924651
1.51559
1.44662
0.99827
1.00853
1.06108
0.886132
1.67907
0.762339
2.14805
1.48296
0.883738
0.747899
0.629282
0.86441
2.37562
0.837694
1.36751
0.902444
0.884155
1.55328
1.09312
0.809637
0.896334
0.82664
1.48821
1.55049
1.04636
1.6169
0.864327
1.07441
0.808885
1.01835
1.4098
0.742658
0.635067
1.15961
1.73865
1.09625
0.718454
1.54639
0.873916
1.00039
1.2789
0.809552
0.625092
0.654859
0.881253
0.871893
2.22127
0.924535
1.38154
0.472953
0.901244
1.55821
0.959063
1.56642
0.895529
0.897749
1.05555
1.14155
0.786406
0.929065
1.1042
2.25465
2.22039
0.772003
1.27996
1.98205
1.9788
0.843033
1.52701
1.06372
0.79606
1.49178
1.1778
1.7055
0.457426
0.735453
2.17997
1.13477
1.61125
1.17841
1.23806
1.11497
1.11208
2.29713
1.53362
0.92359
0.772814
0.954542
0.987824
0.55298
1.18305
0.486853
1.57597
1.42232
1.10647
0.794364
0.613724
1.06149
0.577386
0.828978
1.22052
0.857392
0.743768
1.5389
1.69215
1.17323
0.981144
1.23208
0.896513
1.07874
1.73796
0.345861
0.455846
0.935196
0.413098
1.09981
0.927291
0.679295
0.747343
0.889821
1.53421
1.45909
0.948743
1.27241
2.14425
0.746647
1.61531
1.23597
1.17621
0.922001
0.870121
1.39591
0.820813
1.36511
0.178024
1.70857
0.876934
1.74857
1.14284
1.29584
0.838026
1.13599
1.25621
0.653722
0.987871
2.3923
0.925177
0.963455
0.587645
1.05284
0.73935
1.15901
1.01149
1.23733
1.78906
0.876629
1.10248
0.793819
0.654929
1.44712
1.49968
0.844557
0.678458
1.12541
1.16105
0.796484
1.78818
1.29306
0.480813
0.726602
0.757489
0.938332
0.711426
0.568027
0.962882
1.5792
2.06391
1.53646
1.6806
0.66494
0.752639
1.01209
1.02062
0.852466
1.81002
1.18937
0.817733
0.910393
0.734449
0.957636
1.32457
0.871396
1.62636
0.978979
0.442151
0.813401
0.603816
0.795937
0.814038
1.08166
1.02625
0.727314
2.08798
1.7157
0.982193
1.89492
1.5166
1.04243
2.04403
1.88322
0.955521
1.26769
1.55789
0.461273
0.840504
1.07759
1.38599
0.919482
0.623204
1.00817
0.760952
0.604715
1.33342
1.41149
2.40576
1.30383
1.46466
0.890454
0.76197
2.022
1.34663
1.25589
1.41583
0.679941
0.548055
0.827768
0.956295
2.57349
0.753643
1.10709
0.688331
0.768737
1.37502
1.28561
0.796731
1.28092
1.2359
0.828315
1.07944
1.7456
1.50095
1.14656
1.0326
1.18879
0.617563
1.45964
0.631331
0.706997
1.1989
0.943591
0.649613
1.06762
1.75544
1.70877
0.477545
1.09359
1.03397
1.72507
1.93664
1.06672
2.11738
0.792605
0.941115
0.960214
0.974781
0.655506
0.649925
1.28631
1.3821
1.54628
0.624934
0.641405
1.15261
0.993403
0.986437
1.46877
1.17639
1.22513
0.832799
1.1131
1.32435
0.913467
0.908252
1.01422
0.672658
0.414954
0.878385
0.852893
0.856452
0.776494
0.610291
1.14881
0.825517
0.584155
0.718473
0.951753
1.58087
1.10996
0.887623
0.93732
1.35045
0.63739
0.930681
1.23814
1.77197
1.54604
1.74082
1.31051
1.41021
1.54337
1.90117
2.00029
0.975114
0.858604
0.809975
1.2575
1.04976
0.943856
2.11146
0.981083
1.42065
0.825849
0.580073
1.35102
0.969931
1.01729
0.729908
0.684466
0.641485
1.20735
1.77751
0.615771
1.0016
0.803612
0.780005
0.771865
2.20723
1.36592
1.8799
1.20725
1.52644
1.76611
0.961333
1.65618
0.701809
0.623389
1.04271
0.842012
0.710427
0.539786
1.14476
1.41912
1.57874
0.915726
1.05661
0.824146
0.688809
0.93848
1.59074
0.976922
1.30486
1.02067
1.28449
0.9413
0.87439
0.935001
1.63699
0.763087
0.524239
1.00516
1.49486
1.35915
1.21377
0.810895
1.00208
1.21587
0.836355
1.61507
1.04526
0.875987
1.11828
1.44386
1.23394
0.742938
1.00016
0.740646
1.46602
1.75015
1.14846
0.598881
2.14503
1.54027
1.39211
0.784126
1.14596
1.73831
2.18585
0.885957
0.799381
1.26153
0.757653
1.31415
0.872163
0.872606
1.90992
0.5562
1.42347
1.23373
1.18694
1.05858
0.638914
1.19206
1.9401
0.787848
0.580454
0.787547
1.51117
1.21629
1.16756
0.955701
0.637089
1.49696
1.72712
2.17557
0.830563
1.04147
1.13902
1.36753
1.98623
1.73848
0.917786
0.786791
1.26389
1.24214
1.40816
0.841732
1.50775
1.03834
2.17019
0.888556
1.05045
0.832473
0.578128
0.698519
0.595982
0.691116
0.830402
0.837095
2.07461
0.834672
1.04293
1.14855
0.975726
1.02639
0.676547
0.891476
0.953188
1.36553
1.15537
0.529195
0.8675
0.646156
2.16199
0.666491
0.469585
1.65705
1.40315
1.20853
1.50452
1.11527
0.968993
1.77552
0.983188
1.11483
0.52774
0.548408
0.615161
1.39014
1.3865
1.2273
0.767068
0.506261
1.35
0.57615
1.36244
1.24462
0.565696
0.564026
0.689171
1.20642
1.33559
1.53978
0.899372
1.1647
1.4846
1.86448
0.624786
0.785102
0.536191
1.35609
0.64463
1.20804
1.53972
1.96268
0.587846
1.61422
0.732076
1.29315
1.59729
1.51985
1.34071
0.873211
1.5099
0.761894
0.768167
1.3792
0.554396
0.669878
0.627085
1.48208
0.927935
0.853703
1.44416
1.10203
1.74875
2.0225
1.01756
0.857302
1.6163
1.36933
1.0671
0.859759
1.49733
1.17215
1.21816
0.856203
0.977481
1.10516
0.929211
0.691651
0.703428
0.927271
0.989341
0.666696
1.21248
0.979407
1.32896
1.81524
1.04446
1.46869
0.641167
0.803807
0.719062
0.894733
1.25128
0.920732
1.02052
0.889421
0.672122
1.51694
1.11596
0.476816
1.18803
0.574177
0.945717
1.0704
1.0422
1.14593
0.950342
1.8174
1.98129
0.825785
1.16083
1.09935
0.508093
0.901397
0.393596
1.09701
1.12715
1.01387
1.76487
0.639418
0.804912
1.97486
1.91636
0.895149
1.54274
1.39318
1.9298
0.204841
0.504503
0.839548
0.987351
0.920547
1.28368
0.960376
1.29854
1.52456
1.25732
1.52396
0.783327
1.65338
1.28777
1.29319
0.513095
0.937912
1.35068
0.758504
1.24899
1.80887
1.38614
1.68233
1.19639
1.10671
1.81279
0.677805
1.08456
0.874012
1.11402
0.794364
0.878005
1.20022
1.06672
0.703243
0.386438
1.38429
0.926935
0.987643
0.563652
0.601218
0.654272
0.869036
1.16954
1.29017
0.934045
0.677194
0.705557
1.07995
1.11343
0.716275
1.16691
0.891775
0.737524
0.573093
1.75893
0.807899
1.72198
1.31931
0.752845
1.0165
0.515673
0.56394
5.85817e-008
1.82304
0.939018
1.0646
1.32964
0.683731
0.882775
0.490415
1.29596
1.12179
2.0761
1.8673
0.840883
0.592689
0.663512
1.09653
0.979779
0.836959
0.851823
0.461852
1.0386
1.2301
0.772844
0.749934
0.588178
1.04948
1.46454
1.95113
0.481911
1.21295
0.832483
0.719116
1.80182
1.37616
1.40072
0.836821
1.0691
0.629054
0.812048
1.3884
2.22343
1.29752
0.973029
2.12884
1.26036
2.20248
0.436077
0.810947
1.29633
0.948221
1.07506
1.12666
1.13348
1.26467
1.15691
0.703649
0.662822
1.27146
0.88685
0.96758
0.956714
0.772041
1.15404
0.817657
0.960595
0.954364
1.04511
0.684765
0.990716
1.09879
1.04082
1.59246
1.27915
0.3128
0.844197
0.805683
0.616384
1.4142
0.532666
1.40163
1.09688
0.69893
0.598141
1.33687
0.980646
0.425582
1.26937
1.58702
1.54501
0.595911
0.672901
1.11427
1.20402
0.782148
1.79461
1.16684
0.769947
1.86452
0.918793
1.26994
1.0342
1.02047
1.58885
1.37114
0.968615
1.39034
0.989797
1.068
0.593693
0.789488
0.599169
1.18437
1.2076
1.5842
1.10435
1.04497
1.89672
1.67495
1.88926
0.929262
1.03178
1.11541
1.63091
0.804842
1.7127
0.877698
0.79009
1.37145
0.611729
1.78061
2.00296
1.76263
1.62433
0.476592
0.984541
0.61163
0.896851
1.19738
0.926555
0.688625
0.7769
0.806051
1.16175
0.979663
0.940165
0.879265
1.295
0.958524
0.79407
1.09075
0.65651
0.897076
0.848561
1.48993
0.881067
0.849636
0.588356
1.31792
0.866271
0.485415
1.3935
0.767264
0.786003
1.35732
0.635864
1.58393
1.23289
0.644509
1.73421
0.350589
1.9761
0.563549
0.772267
1.3957
0.650931
0.684784
0.422885
1.22405
0.568054
1.11152
1.22184
1.35295
1.2134
1.12702
0.405955
0.589566
0.519905
0.69609
0.728189
2.07554
1.61011
1.19806
0.609418
1.81223
2.00183
1.87632
1.03991
1.79109
1.69868
0.387378
1.48026
1.03969
1.60421
1.45007
0.612073
1.03448
1.17379
1.96467
1.29939
1.23954
0.942294
0.252846
1.33231
1.71286
1.90326
0.665895
1.81856
1.30031
0.858678
1.1648
1.48767
1.84025
0.673322
0.844919
1.18987
0.977055
0.820814
0.748935
0.972111
1.16695
1.15447
0.48699
0.935773
0.789745
1.03665
0.977069
0.645477
0.841134
0.916436
0.771277
0.508344
1.00046
0.714874
1.00892
1.12525
0.883732
0.694397
1.18901
1.18836
0.982348
1.40388
0.999697
0.839996
0.650939
1.27966
0.758756
1.01618
0.712196
0.949224
0.723409
0.75162
1.10562
0.494529
0.921251
0.64562
1.18051
1.69841
0.545083
0.511891
0.884744
0.730498
0.818086
0.941031
1.373
1.04094
1.11515
0.806675
1.63342
0.5057
1.03571
1.85238
1.19856
1.42543
2.01095
0.813857
1.64721
0.576875
0.933686
1.31832
1.43841
0.866454
0.978895
1.08703
0.782309
1.8663
1.36545
1.71601
1.37034
1.38142
1.14266
2.02644
1.84304
1.61816
0.69523
0.994083
1.39099
0.497676
1.3439
1.3637
0.989058
1.22308
0.947494
1.25301
0.704612
0.548289
0.721863
0.847544
1.06395
1.61311
0.748176
1.5823
0.75822
0.965549
1.16968
0.837911
0.707521
1.0039
1.29948
1.51639
1.17123
0.715817
0.75626
0.788086
2.03191
1.88799
1.82986
1.31712
0.938459
1.08265
1.18402
0.759161
0.693724
1.4197
0.786418
1.11482
0.655976
1.00495
1.20837
0.627822
0.586058
0.514042
1.72713
2.0802
1.34595
0.915166
0.585604
0.54446
1.03146
0.955903
0.717491
1.12077
1.01264
1.43778
1.37624
1.71618
0.853845
2.13505
1.46263
1.01451
1.60209
1.27849
1.18691
1.43559
1.17187
0.84514
0.994996
0.479161
1.5004
1.84439
1.95016
2.243
1.09014
2.07103
1.09554
1.76894
0.573254
1.51141
1.62791
1.18458
0.729179
1.26164
1.59857
1.75141
0.873326
0.828101
0.735287
0.726811
0.894682
0.968259
0.934042
0.45941
0.885268
0.900724
0.961271
1.15293
0.805632
0.826375
0.839813
0.930876
0.923656
1.43884
0.958744
0.636555
0.97617
0.762732
1.41988
1.56128
1.56729
0.950472
0.713907
2.37825
1.32362
2.44872
0.677845
2.19766
1.54543
1.08775
0.870405
1.00235
0.76015
1.48376
0.744023
0.556525
2.08174
0.86015
0.396068
0.455294
0.50299
0.602951
0.867376
0.571831
2.26902
1.67609
0.959671
0.813826
0.990117
0.971711
1.06801
1.0806
2.03021
2.2321
1.19027
0.760267
0.813824
2.08022
1.38353
1.87754
1.15345
1.06132
1.04399
1.09074
1.27188
2.00845
1.04604
0.578306
1.84379
1.13914
2.03363
1.6483
1.61997
1.58746
1.5741
0.798381
1.21095
1.13726
1.57836
1.06105
1.39205
0.802168
1.0371
1.11997
0.690579
0.831862
0.74778
0.635159
0.868738
0.303014
1.11382
0.949282
0.768233
0.546824
0.775141
0.909526
0.737729
0.506488
2.51565
0.866505
1.20983
0.812339
1.03347
0.704662
1.5375
1.20199
1.34962
1.32685
0.991332
0.715585
1.96974
1.19244
1.72844
1.10545
1.04752
0.848111
0.506544
0.930978
0.651025
0.616973
1.47017
2.38852
1.08232
1.03316
0.955698
0.826126
1.36462
0.662653
1.5548
1.59261
1.45825
2.11366
0.743667
0.722922
0.622631
0.784129
1.13379
1.42296
0.802953
1.6769
1.31387
1.2321
1.39189
1.21411
0.698357
1.70201
0.628827
1.81462
0.810067
1.31154
1.12923
1.19211
1.12304
1.34111
0.835041
1.08607
1.57629
1.01249
1.10737
1.78014
1.82536
1.68878
1.62181
0.932716
0.993893
1.13408
0.707561
1.33505
0.885278
1.27557
0.655767
1.2438
1.03191
0.920599
1.06188
0.694769
0.807528
0.974804
0.851545
1.18078
0.909625
1.08027
1.66884
1.75855
0.634553
1.05426
0.949399
0.955004
0.770332
0.762021
1.4164
1.06225
0.943191
1.28315
0.986131
0.776075
0.658327
1.03341
0.63032
1.04026
1.10684
0.777155
1.52721
2.01125
0.61926
0.885549
0.876665
1.55059
1.7298
1.48035
1.87737
0.654388
0.858503
0.504561
7.30994e-022
1.19626
1.83124
0.504563
0.855683
0.732815
1.87485e-008
1.32827
1.05398
0.900806
1.31578
1.49169
1.89992
1.93621
1.0136
0.648228
1.46204
0.806246
0.958223
1.5595
1.18405
1.0228
1.53059
0.99906
1.50141
1.84745
1.91972
0.693438
1.1688
0.668872
0.471467
1.40073
1.98064
1.20032
1.02788
1.37405
0.98569
1.65778
0.845166
0.589925
0.941298
0.95175
0.476475
1.19011
0.323124
1.2474
1.35699
0.647545
0.665308
1.03151
0.648457
0.909041
0.790282
1.22905
0.831863
1.34456
0.997442
1.17134
0.760132
1.01788
1.2625
0.900962
0.882878
0.995171
1.34493
1.31944
0.842586
1.11895
0.833735
0.921303
1.48901
1.08739
1.21923
1.32236
0.964667
1.73502
0.604717
0.242193
0.733931
0.609737
1.01129
1.15526
1.80081
1.26138
0.773987
1.36752
9.36712e-009
9.36712e-009
9.36712e-009
9.36712e-009
1.00202
0.883212
0.865791
0.753991
0.851833
1.19233
1.41421
1.20764
1.59714
1.40592
0.476871
0.606821
1.27987
0.728006
0.784159
1.24602
1.25685
1.62031
1.36994
0.814202
1.02583
0.700521
0.933488
0.603498
1.05889
1.95591
0.822354
0.925753
0.781808
0.790016
1.07054
0.702301
1.00056
1.57609
0.822737
0.905478
1.1474
0.972929
1.14727
0.686171
0.633322
0.608692
0.977756
0.922732
0.931616
0.962554
0.70587
1.44973
1.1296
1.35315
1.34337
1.37839
1.91862
1.08098
0.874673
1.07405
1.01884
0.982175
0.81553
0.795595
1.05423
0.554229
1.08089
1.0612
1.22362
0.931271
0.769821
1.58996
1.77043
0.92242
0.812867
0.890873
1.59403
0.454249
0.553316
0.653206
0.679369
1.11338
2.15805
0.956273
0.493525
1.19625
8.03403e-009
8.03403e-009
8.03403e-009
8.03403e-009
0.746679
0.588938
1.46176
1.63777
1.21011
1.0707
0.921382
1.90919
2.18382
1.46027
1.48276
0.968697
1.45485
1.38802
1.06748
0.574316
0.93727
0.519804
0.363373
1.31551
1.09001
0.529908
0.851243
0.663689
0.85578
1.28045
0.6794
1.08414
0.72697
1.51971
1.63993
0.800441
0.7252
0.948788
0.821541
1.45023
1.044
0.440807
1.49908
1.12488
1.296
1.13634
1.10404
0.827657
1.33377
0.804902
0.819924
1.26265
0.918306
1.50141
1.5026
1.53558
0.638004
0.492105
0.712587
0.961648
0.846239
1.04814
1.1295
1.40262
0.642281
0.998451
0.973591
0.651246
0.37056
1.11519
1.4702
2.37487
0.979418
0.902018
1.03585
0.898456
1.17838
0.615934
1.3288
1.27152
2.02209
1.89656
1.53559
1.41877
4.08924e-008
8.63499e-022
8.63499e-022
8.63499e-022
8.63499e-022
8.63499e-022
1.32881
0.992911
1.68077
1.307
1.08364
0.744574
0.96398
1.09515
1.00398
1.26785
1.76163
0.883389
1.27606
1.38969
1.10718
1.18285
0.947171
0.560446
0.919907
1.34279
1.06922
1.91128
1.47899
0.61347
0.716466
0.90744
1.44175
1.63365
1.87518
0.582959
0.642842
0.876001
1.10974
1.09646
0.947122
0.872828
0.929853
1.19084
0.990535
0.901173
0.893127
0.743861
0.814873
1.62847
1.15012
1.3759
1.12464
0.577301
0.910085
0.656453
0.65383
0.719121
0.759897
0.544032
0.663504
0.896369
0.717531
0.812253
1.20325
0.968439
0.610425
1.09836
0.579311
0.400549
1.70871
0.292084
1.47836
0.617271
0.899948
0.971767
0.927659
0.666244
0.71278
0.544784
1.96124
1.82504
0.399621
0.5733
0.682376
0.851634
0.781565
8.63499e-022
1.36752
1.09284
1.83124
8.63499e-022
1.36752
1.09285
1.83124
1.15739
1.82795
1.62454
1.1766
0.622001
1.41654
1.44463
0.827682
1.1961
0.718472
0.751871
0.70328
1.64075
1.03639
0.58472
0.729971
1.34822
1.58922
1.2455
0.521236
1.17101
0.507204
0.756729
1.31998
0.956751
1.74845
0.753815
0.432602
0.894219
1.02195
1.25664
1.20898
1.12609
0.935008
0.913566
0.737623
1.20327
1.28932
1.03504
0.863805
1.26581
0.812281
0.869176
1.21286
1.07699
0.61659
0.445658
0.585893
0.969059
1.10682
1.24772
1.47593
0.885194
0.898121
1.33191
0.656406
0.663309
0.97336
0.755882
0.651626
1.94148
1.48915
2.14113
1.00202
0.926896
0.693203
1.36752
0.902443
0.779006
1.31599e-008
0.812088
1.21438
1.77562
1.02019
1.01525
0.933502
1.25211
1.45683
1.36752
0.902437
0.781285
1.16488
5.06095e-010
5.06095e-010
0.786639
1.33848
0.762148
1.98375
1.21338
1.05791
1.61606
2.19547
1.59379
0.808485
1.79172
1.21645
1.31887
1.71682
0.729905
1.55988
1.52548
1.7053
1.58546
2.32341
0.578096
1.52683
1.08541
1.7424
2.28599
1.6972
1.76829
1.29355
1.11967
0.922846
1.17168
1.27253
1.5959
1.36078
0.761283
0.842201
1.21329
0.7611
0.709874
0.951371
0.81786
0.733665
0.843135
0.737189
1.51776
0.831548
1.0104
1.07092
0.854235
1.05858
0.670872
0.559359
1.26436
1.00672
1.00688
0.767947
0.679819
1.51339
0.656132
1.03024
0.792373
1.00461
1.09427
2.37211
1.31339
0.879263
0.85452
0.717432
1.27266
0.746679
0.641484
4.04689e-008
0.856489
1.5105
2.33507
0.949697
2.32892
0.650695
1.14039
1.55732
0.987633
0.753863
0.833745
2.39284
2.54219e-008
2.54219e-008
0.830446
1.52527
1.01418
0.932999
0.611054
0.739551
1.23234
0.6324
1.10746
1.20855
1.04442
1.47902
1.03326
0.939577
1.72068
1.91254
1.34752
0.517585
2.23469
0.590754
0.490745
1.39378
0.6501
1.04451
0.740764
1.53938
2.15129
1.06152
1.33338
0.600321
1.03745
1.13625
0.898706
0.632205
1.91601
0.730674
1.55758
1.18889
1.12151
1.02219
1.05368
0.689003
1.13898
0.661413
0.913018
0.702861
0.830127
1.19019
0.83058
1.07371
1.02358
0.71393
0.523131
1.60803
1.52168
1.85711
1.4956
0.596488
1.17684
1.34957
0.718359
2.06516
0.645719
1.05284
1.89278
1.53784
1.47458
1.0655
1.63205
1.32881
1.16488
1.82501
2.05021
1.5412
1.07262
1.75738
1.51176
1.98852
2.0525
1.4339
1.83124
0.964912
1.39042
1.65146
4.35776e-009
4.35776e-009
0.413066
1.19396
1.77578
0.847504
1.22636
1.846
1.03805
1.32306
1.57785
1.09905
0.547414
1.61567
1.67396
0.89359
0.96332
1.0872
1.50513
1.47081
1.64769
1.47045
0.814941
0.413817
2.0765
1.45879
1.40676
1.52261
1.52857
0.943146
0.991219
0.70948
0.494252
1.43055
0.622166
0.527898
0.915772
0.821802
0.547427
1.07941
0.599441
0.553367
1.45795
1.20279
1.067
1.28745
1.34237
1.41398
1.23106
0.8608
0.945845
1.81375
1.09623
1.72849
1.34191
1.15542
1.01177
1.20248
1.25289
2.21854
1.37845
0.728853
0.767314
2.59001
1.71224
0.753419
1.0036
1.14116
0.894961
1.36208
0.374568
1.36751
1.27087
1.02404
1.1507
1.06741
1.25941
0.565673
1.21159
0.739284
0.64072
1.26166
0.610304
1.12966
0.535004
1.1699
1.51912
1.42992
1.17567
1.04833
1.03115
0.798833
1.41311
0.6409
0.846446
1.20851
1.34707
1.37643
1.17631
1.45415
0.878345
1.06559
1.16911
0.738633
0.542092
1.73242
0.866231
2.02494
0.643794
2.4501
0.637464
1.15512
1.59778
1.70403
1.56528
1.11498
0.70772
1.08552
1.4653
0.994297
0.393229
0.504427
0.667183
1.25232
1.38029
0.934903
1.73287
0.994603
0.798988
0.618235
0.521915
1.19618
1.37736
0.948893
1.03139
0.641753
0.681501
0.659147
0.741964
0.793443
0.696217
0.712345
0.970237
1.30972
1.10064
0.564929
1.96118
1.33566
1.41999
0.926064
1.00889
1.17672
0.627861
0.829041
0.724894
1.33567
1.41999
9.9785e-009
0.78503
1.48997
1.71215
1.13532
1.40455
0.66418
1.80947
0.82019
0.817122
0.67418
1.37402
2.17142
1.13752
1.53775
1.09191
0.87078
0.799096
1.16488
1.41999
0.910113
0.753463
1.33847
0.745051
1.41216
0.890772
0.948068
0.827432
1.28575
0.994959
0.740839
1.05744
2.2228
1.62003
1.64189
1.02713
1.2676
0.723557
1.34111
0.627844
1.0218
1.87495
2.22462
0.987877
0.928139
0.879827
0.558902
0.655577
1.14144
0.810422
1.06524
1.36815
1.27442
1.74757
0.964127
0.968102
1.14404
0.9364
0.557715
1.20247
0.634869
1.02967
1.03854
0.765389
0.763138
0.66989
0.57829
0.82885
1.23143
0.974906
0.755016
0.720808
1.00649
0.841233
2.19466
0.586574
1.11521
1.22659
2.16309
1.91838
0.750208
0.980589
0.740582
0.710675
1.12133
1.19625
7.92946e-009
0.701997
0.557659
1.57662
0.780016
0.988847
0.553552
0.921278
0.896816
0.570712
1.15774
0.946018
0.601156
1.16613
1.28392
1.98207
0.839015
0.585195
2.38392
0.987634
1.01869
0.732235
1.47999
0.540037
1.15097
1.80271
2.29165
0.859821
0.740586
0.566075
0.989744
0.97101
1.3659
1.44601
1.82512
1.57435
0.711271
1.18777
0.66196
0.968138
1.47758
0.969992
1.87283
1.08362
0.832931
0.884278
1.50091
0.987223
1.17423
0.867069
0.885445
1.27283
0.952451
1.48111
1.36131
0.635464
0.86018
0.607342
0.858693
0.596028
1.18859
1.176
1.10798
0.596103
1.07446
1.17013
0.976511
0.889427
1.82315
0.769157
2.04536
0.931556
1.40743
0.656133
1.40543
1.40981
2.02513
0.925629
1.43247
0.552536
1.47843
1.73034
0.801345
1.50306
1.44492
2.04326
1.53558
1.39109
1.45381
1.12202e-008
0.869477
0.822974
4.58064e-009
2.04326
0.605006
0.518642
0.996617
0.651637
0.455988
1.82233
1.45825
1.39488
1.30417
0.91258
1.69457
0.809935
1.36124
1.93336
1.8395
1.14623
1.04559
0.950938
0.990774
0.820345
0.794829
0.862691
1.03621
0.81544
1.40097
1.38205
1.07532
0.587738
1.30631
0.435156
1.14697
1.17083
1.43457
1.42414
0.829321
0.739617
1.8053
0.937578
1.24486
0.832696
0.923123
1.11856
0.425917
0.904731
1.37055
0.66653
0.876245
1.25078
0.786551
0.677549
1.12762
1.21265
1.18522
0.647126
0.580734
0.804157
0.755869
0.639072
0.936531
0.670005
0.809014
0.800574
1.18663
0.852649
0.999407
1.00441
0.960098
0.97157
0.510548
1.89138
0.786862
0.590387
1.43588
0.519408
0.849727
0.78879
2.15704
1.02287
0.849733
0.869769
1.2687
1.05672
1.35548
1.24419
1.33211e-008
0.595706
1.77505
2.00061
1.07653
1.27113
1.05249
2.22905
0.781544
1.75858
0.50627
1.14422
1.83124
1.11362
1.30627
1.41391
0.836553
1.81577
0.890071
1.41539
0.997605
0.956581
1.08711
0.765352
0.898676
1.08713
0.937646
0.6602
0.683703
0.321969
0.954195
0.829495
1.0511
1.3251
0.92059
1.77825
0.706566
0.951282
0.976559
1.05035
0.671231
1.1473
2.01582
0.767519
1.11703
0.825224
0.566947
1.70382
0.861156
0.852069
0.941966
1.30881
0.513576
1.16599
0.931434
1.26797
0.792959
0.986462
0.996686
1.13481
0.665081
0.877125
1.06819
0.778485
1.56742
1.57904
0.442072
0.864436
1.56498
0.906093
1.29507
1.00812
0.565983
2.2747
1.40459
0.812093
0.768158
0.615887
0.784194
0.812082
0.924949
0.880013
0.73956
1.19787
3.75403e-008
0.786601
1.33847
1.19626
0.902445
0.746676
1.32881
1.26037
0.6522
0.660286
1.28566
9.1551e-022
7.03107e-008
1.12137e-008
1.66511
0.900416
0.933359
0.827385
1.10509
1.36752
9.1551e-022
0.778997
0.751998
1.57232
1.24265
0.752567
0.749095
1.26452
0.836543
1.14307
1.01017
0.838535
0.853688
1.31448
1.37087
1.31982
1.44802
0.521507
0.631953
0.925136
1.30153
0.997434
1.38503
1.05313
1.86709
0.691058
0.704705
0.714908
1.57748
1.54168
1.08478
0.624768
1.15258
1.04462
0.800371
0.81261
1.43459
0.980007
0.589234
1.19437
0.993696
0.75874
0.955652
0.744983
0.662402
0.770614
0.974192
0.999752
0.783859
0.711422
0.640555
0.897225
1.03076
2.24455
1.09989
2.28644
0.883925
0.600812
0.990637
0.772153
2.10754
0.727951
0.82457
0.852623
0.764562
1.88007
0.778976
1.13321
1.46312
2.42568
0.739046
0.654702
1.16488
1.2196
0.510436
0.626511
1.1725
1.19626
0.779
0.641483
1.54836
0.786427
0.868555
0.736266
1.2363
1.20821
9.1551e-022
0.645628
0.706783
1.48982
0.763225
0.48115
2.01415
0.838936
0.863744
1.11449
1.09289
0.977426
1.14107
2.08917
0.945616
1.31712
1.07986
0.824385
1.14731
0.998545
1.36086
1.05068
0.984877
0.829701
0.586701
0.726202
0.940403
0.826513
0.88206
0.952071
1.21358
0.953116
0.484246
0.660888
1.04086
1.07429
1.33548
1.18081
0.678407
0.878971
1.08903
0.636407
1.04793
1.09684
0.810816
0.966257
0.959721
1.35197
1.0934
1.09646
1.28501
2.38584
1.87111
0.671088
2.37978
1.30606
2.00386
1.99623
0.709127
2.01546
0.863036
1.24712
0.450093
1.16486
0.786845
1.88254
1.3288
1.09307
1.4538
1.78008
1.40656
0.816155
9.14032e-022
1.36878
1.46753
0.831614
1.66931
1.83124
1.3288
1.13466
0.756317
1.89692
1.16601
1.55751
0.679282
0.768855
9.1551e-022
1.16488
0.786848
1.88253
1.46319
1.19485
1.44467
1.46442
1.08327
1.06476
1.20685
0.868833
1.01778
1.25837
1.49545
0.655855
1.12869
1.04954
0.859515
0.474499
1.12047
1.1604
0.440964
1.17166
1.34374
0.770585
1.38869
0.629955
1.02269
1.75189
0.486361
1.06343
1.28171
1.40962
0.635037
1.00354
0.828026
1.50893
1.62354
1.45071
0.930972
1.23281
1.09698
0.887538
1.21233
0.632338
0.851208
0.672519
0.816929
0.703438
0.850275
0.924283
1.00203
0.70741
0.935019
0.935819
0.412889
1.222
1.30496
1.88024
1.28024
0.956285
1.77744
0.756531
1.04414
1.05673
6.7775e-009
1.03438
1.59193
0.50456
2.04586
1.95928
1.04414
1.05673
0.907504
1.04149
0.499164
1.61409
0.524731
1.84991
0.840577
1.12296
1.23497
1.02856
0.365802
1.41752
2.40975
1.39697
1.83124
1.15869e-008
0.928475
0.394459
1.08769
1.22202
0.768089
0.782618
0.881678
1.5668
0.933144
1.27471
1.27356
1.09015
1.28304
0.875297
0.482581
1.22774
1.07157
1.02782
0.443671
0.706166
1.11013
1.05721
1.0426
0.815722
0.907236
1.27848
1.28307
0.651275
0.646545
0.99312
0.792623
1.38018
0.828553
0.665707
1.03593
1.16179
0.881665
0.721823
0.375239
0.638803
1.55916
0.500502
0.856515
0.663051
1.12172
0.67096
0.826199
0.634654
1.17785
0.691802
1.64302
0.79252
1.20079
1.32857
1.00202
0.965862
1.33351
4.83963e-010
1.90416
1.71541
2.30589
0.827047
0.749004
0.962673
2.36425
4.98496e-010
0.910113
0.903888
1.38734
1.41999
0.930344
2.13056
1.40849
1.75749
1.19259
1.44428
1.29161
0.685617
0.729566
0.69947
2.01964
1.24558
0.924942
0.74685
1.33847
1.36752
1.23009
0.715119
0.56394
0.81209
1.0405
0.876051
1.43739
0.632775
0.970306
1.0514
0.989145
0.754754
0.808335
0.67303
0.847762
1.10101
0.990058
1.21157
0.416091
1.0957
1.28842
1.055
0.776278
1.08269
0.509804
0.608829
1.81474
1.34109
0.693303
1.22383
1.09858
1.18958
1.30505
0.827091
0.793597
0.939757
1.08319
0.884686
1.42443
0.931333
1.41925
0.979822
0.800522
0.767062
1.12714
1.00522
1.42837
0.546216
1.4939
0.692175
0.866686
2.16894
0.914432
1.47905
0.746676
0.760807
0.731166
1.11734
2.02278
1.87944
2.42624
0.45804
0.6838
0.980717
2.57887e-008
2.57887e-008
0.994806
0.888739
1.25677
1.29508
0.918754
0.73271
1.58924
0.723983
0.80156
0.963585
2.01702
0.494431
1.56662
0.66788
1.89888
1.139
0.747861
0.817527
1.45822
1.27
1.1128
0.656925
0.501033
0.589042
0.981258
0.665832
1.32839
0.729642
0.613214
0.867583
1.54163
0.555697
0.659732
0.902441
1.25888
1.18667
0.85954
0.688102
0.877049
0.774313
1.4194
2.11301
1.39814
1.22029
0.849459
1.55647
0.895994
0.969385
0.712137
1.39433
0.745924
0.743793
1.07195
0.846238
1.19677
0.642487
0.87513
1.19112
0.840515
0.808464
1.16019
0.918255
0.943182
0.992972
0.69124
0.705075
0.546932
0.865654
0.794285
1.85478
1.39171
1.47075
0.817786
0.412599
0.855107
0.81456
1.70693
1.70937
0.984963
0.946565
1.47203
0.404825
0.837773
0.92305
4.4173e-009
4.4173e-009
1.05044
0.891315
0.75245
0.662652
1.22715
0.884818
0.628899
1.88253
0.747476
0.689523
0.576458
1.30715
2.3592
0.676252
0.723802
1.13906
1.50843
0.859878
0.618684
1.88254
5.34692e-008
3.67668e-008
3.34292e-008
2.0502
0.529331
1.07646
0.807106
2.04973
0.508527
0.893875
0.471664
0.716187
0.86812
1.90489
0.750595
1.066
1.02332
0.708779
1.32316
0.944216
1.06485
0.671486
1.34474
0.588739
1.38941
1.70462
0.565466
0.913851
0.830645
0.903222
0.662329
1.32969
0.848942
0.833744
0.646073
0.951782
0.961599
0.955451
0.649661
0.789062
0.595006
0.961793
0.702383
1.17642
0.794948
0.88792
1.11264
0.853364
1.55257
1.49257
0.947527
1.67003
1.77547
0.833178
1.33528
1.05756
0.687907
1.15741
1.46873
0.563953
0.420382
1.88519
0.746569
0.702774
1.83124
1.15869e-008
0.596497
0.509593
0.898885
0.457296
1.33906
1.08963
0.712771
1.09712
1.77449
1.92258
1.07933
1.787
1.24095
2.43103
0.524822
1.36278
1.28157
1.7266
0.51054
1.33148
1.36752
1.19625
2.15704
1.10032
1.36752
1.16543
0.861836
0.431024
1.47661
1.20634
1.26535
1.43917
0.787818
1.12341
1.18367
0.861178
0.892003
0.533405
1.68146
1.30375
0.769096
0.595942
1.45504
0.712876
1.01786
0.909704
0.877039
1.32077
1.67839
1.34654
1.43771
1.06062
0.61362
1.16456
1.18883
0.734682
1.29291
0.547895
0.737042
0.790967
0.975395
0.582406
0.813065
0.986012
1.11138
0.921323
1.22683
1.72569
1.47797
1.77836
0.868581
0.695773
1.27479
0.778465
0.795498
0.710754
1.61599
1.37756
1.00202
0.894019
1.38733
1.41999
1.00202
0.903711
0.472774
9.71487e-009
0.472774
0.781112
0.842554
1.04163
0.949123
1.08881
1.04657
4.30946e-008
0.949115
1.11638
1.10598
1.08929
0.89327
1.92277
0.708163
0.664649
0.754018
0.571004
1.595
0.90258
0.902443
0.779006
9.1551e-022
0.812095
0.944131
0.849041
1.08201
0.79836
0.916932
0.973928
1.264
0.723132
0.97095
0.771374
0.863637
1.78695
0.906998
2.00891
1.00571
0.846052
0.760623
0.795129
0.892242
0.706806
1.04466
1.43869
1.172
1.2633
1.36415
1.81924
1.12307
1.35746
0.679122
1.04698
1.13327
0.797825
0.708559
1.58037
0.821253
0.574863
1.07413
1.2698
0.55698
0.825241
0.866821
0.884185
0.653445
1.84591
0.720352
1.35025
0.796507
0.704582
1.46851
0.676999
0.656953
0.574483
1.38875
1.54098
0.779011
0.633648
1.25677
1.19625
0.779005
0.64179
1.16486
8.12414e-009
0.779015
1.20123
0.91017
0.731139
0.907543
0.917939
0.88132
1.11722
0.93723
1.04988
1.02747
1.72734
0.922018
1.71665
1.06647
1.10498
0.635046
0.645576
1.43974
0.866414
0.879265
0.767689
0.881318
0.748053
1.3666
0.607687
1.38103
0.888002
0.760691
0.845944
0.617637
0.80744
1.3919
0.917157
1.09561
0.813879
0.648182
2.03548
0.950658
1.47531
1.22336
0.938703
1.127
0.765979
0.885148
1.29167
0.783258
1.17168
0.943929
0.911371
0.838442
0.957668
0.750076
0.501997
0.906802
0.882973
0.965055
1.99984
1.43915
1.55942
0.848309
1.30246
0.918211
1.21643
0.862191
2.13116
1.59392
2.38053
0.877934
0.85921
0.706273
1.64228
1.41515
1.10377
0.556766
0.55162
0.473343
1.19624
1.55315e-008
0.822989
0.752447
1.12782e-008
1.12782e-008
0.681957
0.836597
1.21873e-008
0.747476
0.652569
1.62368
1.27082
1.3288
1.16488
1.30689e-008
1.70937
0.646792
1.21901
0.678219
0.904286
0.857987
0.865218
0.714671
0.662656
1.15463
1.28031
0.653887
1.82968
1.58898
1.59701
1.44492
1.35452
1.15332
1.20289
0.636132
0.951684
1.35346
0.657666
1.52023
1.66078
0.872322
1.25959
0.731557
0.817489
0.997136
1.04601
0.533637
1.80121
1.23282
1.01758
0.695159
0.568006
0.651895
0.940929
0.932882
0.678293
0.666471
0.799527
1.0343
0.929188
0.726164
1.03189
0.770074
0.752356
1.33359
1.19795
0.846133
0.608577
1.22706
0.517778
0.733623
0.909376
1.39444
0.780587
1.6555
1.37844
0.728847
0.39433
0.937342
0.969076
1.13509
0.519391
1.35549
1.18327
1.83367
1.05672
0.746567
0.63458
0.663083
1.12467e-008
1.12467e-008
0.607339
1.07125
1.85973
0.849733
0.784028
1.06067
0.929687
1.19625
2.46965
1.54191
0.895738
1.33906
1.2385
1.30337
0.493742
0.865433
1.38076
0.761651
1.79741
1.4653
1.01307
1.25761
1.76104
1.22757
2.01069
1.02153
1.28407
0.801408
0.887312
0.521728
1.25646
1.33906
1.29803
1.1658
0.71928
1.05534
1.07104
1.0934
1.2353
0.788144
0.883206
0.801763
0.302546
0.718534
0.747594
0.552621
1.39642
0.623425
0.532486
1.05534
1.94409
0.965134
1.16302
0.965493
0.902748
0.815455
0.730566
0.782814
0.583175
0.983333
0.635204
0.867524
0.688461
0.889911
1.04225
0.79412
1.08953
1.17545
2.0358
0.753694
1.05105
1.16972
1.37757
1.00202
0.878957
0.869994
0.859083
9.23571e-009
0.645212
1.1205
1.41999
1.00202
0.934151
1.3288
9.97096e-022
9.97096e-022
0.779
0.751994
2.04802
0.902442
0.779009
5.35573e-008
1.36752
0.472774
2.11096
2.45354
1.73881
0.794299
1.81778
1.04664
1.98875
1.52289
2.4088
0.784197
1.29061
1.3511
2.01517
1.50969
1.87408
1.69029
1.88349
0.595041
0.582788
0.816522
0.666758
0.943218
0.81301
2.3012
0.943389
0.70703
0.63371
1.30277
2.42316
1.00083
0.77981
0.612506
1.09527
1.2358
0.904618
0.759776
1.80394
1.75394
0.795594
1.71137
1.89853
0.589638
0.794814
1.1559
1.04077
0.702459
0.780469
0.771858
0.894719
0.615328
1.15253
0.704956
0.739526
0.84106
0.901172
1.12426
1.21046
0.989293
1.15071
0.768787
0.631054
0.899434
1.05689
0.826913
1.54098
0.779008
0.566094
1.52241
0.800581
0.778976
0.641438
1.16491
1.09284
0.779006
0.633651
1.25678
1.19622
0.657966
0.629547
0.718193
1.88007
0.779009
0.666454
1.1649
1.09285
0.778966
1.09215
1.34246
0.602682
0.76265
1.75148
0.875249
1.7639
1.40417
1.9036
2.09248
1.25706
0.841131
0.815738
1.55765
1.40998
1.81108
0.737582
0.658713
0.557404
0.660117
1.03651
1.0988
0.554472
1.86947
1.03333
2.16945
0.762839
1.35684
0.8866
0.697934
0.315898
1.18936
1.09016
0.750496
1.07589
1.42287
1.88543
0.71728
0.794781
0.748785
0.592135
0.425799
0.612109
0.841597
0.921529
0.965368
1.37875
1.00498
1.04491
0.564254
0.710548
0.64788
1.11209
1.0515
0.707305
0.834027
0.712439
0.454869
0.746866
0.784776
0.64585
0.576115
0.852406
1.7519
1.19625
1.06314
0.499952
0.863783
1.83124
1.32879
1.07184
1.80496
1.83124
1.32175e-008
0.822951
0.752451
0.662655
1.16488
2.58295
1.37323
1.88253
1.77074e-008
1.16486
1.80496
1.83125
1.32879
1.07185
2.46413
1.35841
1.27597
1.11285
0.79298
0.303421
1.16446
1.68608
0.669474
0.891098
2.0553
1.80729
1.37125
2.2334
1.04382
1.07143
0.784955
0.766741
1.46512
1.2
1.2609
1.70779
1.21641
1.07694
1.65327
0.692451
2.33035
0.519734
0.754797
1.55301
1.28954
1.05234
0.685951
1.66038
1.45376
1.50163
1.87589
0.530818
0.800885
0.805284
0.642091
0.513576
0.953431
0.78836
0.737284
0.904317
1.03671
0.598011
1.39408
1.0029
0.678677
1.24794
0.654099
0.75063
1.46205
0.674052
1.64167
0.813525
0.809791
1.1924
1.02289
1.18149
0.663072
1.6771
1.33906
1.18097
0.663074
1.75858
0.624787
1.04989
1.04412
1.02951e-007
1.0256e-021
1.24418
1.83367
1.88429
1.42765
1.68443
1.22237
1.93267
1.77074e-008
1.19623
0.712772
0.948088
0.662353
0.647999
2.55044e-008
1.4958
0.821091
0.473477
2.31514
5.85997e-008
1.43988
0.915765
1.16785
1.2559
1.04748
0.714394
1.74101
1.02809
1.34348
0.788534
1.04677
0.912041
1.55288
0.531858
1.5769
1.52071
1.01275
0.887002
1.95665
1.17283
1.18294
0.979869
0.519641
0.431176
0.567716
1.25954
0.734675
0.985508
1.77533
1.10097
0.506617
1.84104
0.917802
0.981535
1.08026
0.784819
0.621073
1.30811
0.990246
1.25721
1.02743
0.984109
0.939319
0.332721
0.661068
0.873046
1.34722
1.37255
0.584732
0.660406
1.17326
0.907655
1.17986
0.675494
0.72369
5.65146e-007
3.8392e-008
2.69664e-008
4.71284e-008
9.17623e-009
9.97096e-022
0.812094
0.928282
1.75304
1.38733
1.02951e-007
1.0256e-021
1.0256e-021
1.0256e-021
1.00398e-007
0.922095
0.688092
1.49116
1.40298
0.902444
0.759368
0.871959
0.614093
0.92959
0.947276
0.871964
0.814045
0.772611
0.921809
0.87196
1.14232
0.815494
1.97664
1.62657
1.33474
0.979783
1.07182
0.998767
1.34214
1.29825
0.822882
1.03175
1.23099
0.98917
1.16479
0.871952
1.40299
0.998915
0.878844
0.463184
2.21175
0.883392
1.30593
0.864793
1.03759
1.64103
0.80654
0.954877
0.958696
0.808526
1.57682
2.00258
0.812088
1.80719
2.30493
1.09662
0.518649
0.967016
0.964611
0.721137
1.01076
0.89454
1.27927
0.757529
1.09587
0.784851
0.948959
0.738366
1.0273
1.0474
0.673786
0.662611
0.783681
1.24449
0.701709
0.920494
5.65146e-007
3.8392e-008
2.69664e-008
4.71284e-008
9.17623e-009
9.97096e-022
0.600817
1.90377
1.22699
1.16488
1.19626
0.779022
0.657969
1.0256e-021
1.00398e-007
0.780167
0.646847
1.38465
1.29095
0.779012
0.649793
0.89059
0.730127
0.810451
0.723596
0.980496
0.574116
0.812194
0.642598
0.877608
1.08952
0.825152
1.86941
1.50722
0.758324
1.58785
0.755321
0.947313
0.606792
0.907616
1.09303
1.19308
1.05665
0.768339
1.14011
0.816568
1.29096
0.765799
0.544864
2.30971
1.06836
1.7259
0.72734
1.35007
1.71781
1.25978
0.808169
1.14081
1.59497
1.25401
0.955211
0.782931
0.621274
1.64802
2.2505
1.00607
0.503935
1.04901
0.848389
0.901339
0.707079
0.813953
1.11137
0.760825
0.948647
1.45401
1.50504
0.764389
0.68935
1.27793
1.18608
0.938119
1.03476
1.22135
0.712699
0.458971
5.65146e-007
3.8392e-008
2.69664e-008
4.71284e-008
9.17623e-009
9.97096e-022
1.83123
1.32879
1.16488
9.55657e-022
1.83124
1.32881
1.16488
1.0256e-021
1.00398e-007
2.13741
1.40631
0.935438
9.97096e-022
2.99974e-008
1.16489
0.786853
1.07881
1.77952
0.527844
1.50895
1.06444
0.790764
0.662601
0.729855
1.05286
1.20887
1.16488
0.511663
1.66622
1.63956
0.641595
1.58008
1.00172
0.722796
1.71132
1.33588
0.653914
1.3288
1.07184
1.80497
9.52392e-008
1.16489
2.53553
1.45899
1.21895
0.906322
0.876521
1.04835
0.789044
0.978327
0.989619
0.958929
0.276516
0.652304
0.552641
1.64986
1.65264
1.30416
1.25955
1.80497
1.02075
1.07752
1.51947
0.867236
1.21794
1.21364
0.682731
0.898161
1.47419
1.21531
1.13362
0.590085
0.836233
1.2062
1.0362
0.514841
1.65136
0.914865
1.17023
0.913973
5.65146e-007
3.8392e-008
1.75859
1.33906
1.19625
1.28936e-008
1.28936e-008
1.93211
1.19626
1.83124
9.55657e-022
1.36752
1.09285
0.712781
0.519388
0.723399
0.604342
1.07125
1.42188
0.8297
1.53034
1.26166
0.490008
1.18792
0.881339
0.687725
1.70122
1.04702
1.67226
0.761647
1.15741
2.40975
1.19619
1.85599
1.69759
1.97906
0.667079
1.79697
1.73431
1.37107
0.612855
0.342177
0.734229
2.40975
1.19632
5.37212e-008
9.52392e-008
1.75393
0.353056
0.257891
6.06379e-008
1.1256
1.08628
0.695087
0.639237
0.936621
1.08816
0.463324
0.249993
1.41279
1.2345
1.73172
1.15739
0.792226
1.25955
0.805217
1.46989
0.5937
0.941398
1.09726
1.10645
0.20765
0.67731
0.842306
0.673906
1.01931
0.900862
0.975984
1.40167
1.35258
1.47269
0.416731
0.650504
1.11315
1.03563
1.441
0.663991
1.04657
1.36752
0.922095
0.686622
1.616
1.37756
0.922096
0.646192
1.04657
9.9831e-009
9.9831e-009
0.779017
0.871957
1.40299
0.902446
0.746673
1.3288
1.6329
1.00416
0.882045
1.40736
1.46445
0.991396
0.683585
0.555463
1.27623
0.820185
1.20968
0.596497
1.36752
3.7003e-008
5.58894e-008
4.08853e-008
1.36752
0.805287
1.27132
0.75252
1.6807
1.63256
1.09784
1.13503
2.2333
0.735244
0.754299
5.37212e-008
9.52392e-008
1.23006
0.715121
0.563944
6.06379e-008
9.48154e-008
0.903707
1.2371
1.71102
1.62198
0.688577
0.625219
1.74516
0.721391
0.694222
1.85768
0.859098
0.779006
1.16537
0.936037
1.00464
0.689491
0.904316
1.43483
0.774064
1.06899
0.902539
1.22796
0.556683
1.27046
1.67189
0.808448
0.911019
0.672303
2.15081
1.0178
0.914798
0.884969
0.818763
1.96632
0.596098
0.786903
0.987639
0.758239
0.715644
1.43919
1.56867
0.780165
0.627964
0.805008
1.19626
8.78169e-009
0.641483
0.816572
1.10767
0.750975
0.731835
1.32527
0.440175
1.00715
0.706837
1.46481
1.13539
0.916179
0.472782
1.14243
2.29894
0.798814
0.657961
0.827709
1.23421
0.779022
0.657969
1.54303
1.18215
1.05776
1.21774
1.48046
1.56782
1.11449
1.3328
0.553097
1.96771
1.01927
1.81002
1.16487
0.645661
1.04884
0.689072
0.501032
6.06379e-008
0.657969
1.21866
1.25485
1.85373
0.840492
0.89479
0.559474
0.754764
0.655747
0.56876
1.67789
0.736762
0.65797
1.13687
0.906141
0.672922
0.516014
0.788504
0.860582
1.34877
1.08326
1.31894
1.0109
1.20582
0.808003
1.12379
0.907894
0.98576
0.578832
0.54753
0.764668
0.696928
1.90661
0.551159
1.61128
1.42891
1.54664
0.809941
1.34445
0.689589
1.46362
1.7773
1.38681
1.63263
0.935446
0.662651
1.26885e-008
0.822952
0.752454
0.80993
1.38683
1.59846
0.503183
1.00301
1.41551
1.23677
1.22028
2.08282
1.29298
0.913793
1.93058
1.56858
1.34804
1.16488
0.786853
0.676899
1.32881
1.16488
2.1197
1.24712
1.80105
0.593946
1.63458
0.728183
0.560767
0.434239
0.708938
1.36251
0.691724
1.55917
0.869715
0.513233
1.3288
1.16488
2.58306e-008
6.06379e-008
1.16488
1.1204
0.920502
0.864911
0.919133
0.854007
1.45765
0.547589
0.779002
0.594749
1.80496
1.83123
1.04055
0.577737
0.718577
1.49194
2.103
0.760094
0.752646
0.647779
1.12265
0.827509
0.602172
0.753012
0.807656
1.33617
0.621849
0.668034
0.604439
1.24535
0.900613
0.94825
1.55645
0.651796
0.540727
1.1404
0.594631
1.49043
1.24327
1.57015
1.37192
1.57106
1.36752
1.23686
0.663067
0.504556
0.746562
0.68708
0.703256
1.78565
2.31608
1.55324
1.40967
1.55829
1.07151
2.35033
1.70331
1.13584
1.5675
1.00041
1.10082
0.746548
0.66235
0.627415
1.94338
0.520912
1.33906
1.13857
1.26665
1.02288
0.780973
0.709576
0.400709
0.654967
1.39401
0.850659
0.921751
0.70589
1.13744
0.765684
1.4688
0.728406
0.506268
1.19625
2.15704
1.93268
0.710653
0.732432
1.43605
0.623349
0.941699
2.17402
1.37649
2.10601
1.1673
1.05708
2.15705
0.558717
1.29304
1.51845
0.572019
0.842434
1.10893
1.01269
0.639543
1.05936
0.933088
0.857359
0.874603
1.37026
1.17037
1.73703
0.633801
1.25053
1.11304
1.24938
1.07187
1.21087
0.767762
0.665084
0.611621
0.755368
0.746892
1.78864
1.713
1.55883
1.44154
2.39044
0.778966
0.857
1.3288
2.36909e-008
1.00202
0.894018
1.38733
0.778458
0.902483
0.726762
1.33388
2.39045
1.2907
0.864999
1.25572
0.64749
0.885045
0.833795
1.29293
1.25888
0.893572
0.906698
1.38734
0.594506
0.986593
1.00994
1.92281
0.975418
0.420427
0.686465
1.22113
0.982145
1.14193
0.756225
1.06467
0.978979
0.539109
0.984736
0.626794
1.66918
0.893027
0.828058
9.54205e-009
1.61586
1.06432
1.23338
1.93826
0.719757
0.899182
1.02277
1.62842
0.184251
0.787185
0.918645
0.837708
1.39202
0.964802
1.1712
0.783992
1.15709
1.10882
0.702415
0.763347
0.813514
0.947086
1.34613
0.97381
1.03643
1.30122
1.57244
1.30917
1.04445
0.894556
0.972101
1.00706
0.901496
0.809015
1.01668
1.22109
0.819311
1.8252
1.48214
0.807618
0.971724
1.46312
8.74489e-009
2.07527
1.96309
1.16487
2.5658e-008
0.779011
0.641482
1.16488
0.67699
1.35032
0.744744
2.4081
0.67728
0.891288
0.995289
1.04915
0.652541
0.86618
0.761282
1.29308
1.09662
0.64061
0.670051
1.18728
0.678655
1.15355
1.15046
0.336765
0.817409
1.20202
0.929058
0.911981
0.983536
0.976472
0.99979
0.909334
0.982756
2.03946
1.95952
1.21456
1.38688
0.536146
0.452025
1.86873e-008
1.51292
0.614691
0.969803
0.879935
1.96774
0.685721
1.8114
1.10507
1.19625
0.775983
0.628966
0.636242
1.46687
0.765901
0.91867
0.663659
0.969866
0.852437
0.808802
0.684866
0.678206
0.657601
1.10311
0.769654
1.16532
1.21321
0.703171
1.55551
0.677538
0.530793
1.2293
0.969468
0.62689
1.0761
1.23357
1.05195
2.0301
1.45381
1.3362
0.621362
1.05922
1.45381
1.69304e-008
1.35344
1.26968
2.00386
2.1087e-008
2.1087e-008
0.481876
1.37093
1.9133e-008
1.05044
0.80583
1.45383
1.00301
1.39918
1.12356
0.82485
0.7796
1.29152
1.45968
1.29295
1.46448
1.2557
0.836994
1.46485
0.747799
0.902282
0.807274
1.01184
1.00856
1.09744
1.0927
0.78255
0.718977
1.40215
1.11198
0.912781
1.28586
1.11497
0.907237
0.903444
0.789992
1.15016
1.1826
2.00386
1.0124
1.20356
1.21794
1.011
1.07031
1.39555
2.24448
1.44492
7.97384e-008
1.32881
1.19659
0.832241
1.76328
1.99059
1.91329
1.28637
0.849346
1.36466
1.20521
0.504888
1.04896
1.33219
0.724566
0.664034
1.02328
0.857728
0.803638
0.782341
1.2713
0.671495
0.49584
0.624188
1.41433
1.34104
1.17047
1.06858
1.49303
1.27475
1.24378
1.24685
1.37393
1.80116
1.85973
0.723401
0.623325
0.663082
3.11748e-008
1.36752
1.19625
0.753498
1.85974
1.36752
1.19625
0.472774
1.19428
1.29132
0.763289
0.429462
0.656422
2.26278
1.22451
1.29306
2.03575
0.80249
1.03269
0.432713
0.971142
1.0846
1.23415
0.865399
1.20005
0.759404
0.642956
0.650409
0.747912
0.802587
0.658938
1.47739
1.06991
0.546056
1.01659
1.80585
0.746572
1.08508
1.01606
1.18075
1.10225
1.35548
1.25187
1.16996
0.574414
1.07949
1.50677
1.66061
0.469575
1.04108
0.654554
0.693608
0.857699
1.22765
1.74358
1.47161
1.1547
1.26837
1.20178
1.199
1.31795
1.39946
1.19003
0.917711
0.978715
0.769993
0.334667
0.903068
0.617983
0.701602
1.21747
1.38797
1.15496
0.637307
1.1953
1.71751
1.01624
0.681624
0.905236
0.953166
0.988535
0.860701
1.36752
0.902435
0.747414
1.33847
1.37756
0.891728
0.588657
1.13857
1.37756
2.19013e-008
2.14277e-008
1.04055
1.19409
0.942459
1.08989
0.853325
1.46439
0.991374
0.59305
0.724292
0.798659
1.16456
1.58943
1.3523
0.888224
0.984338
1.27005
0.518161
1.007
0.986487
0.85738
0.916778
0.532932
1.581
1.49134
0.904446
0.601086
1.25821
0.641875
1.12315
1.30268
1.19285
1.12791
0.9282
1.74634
0.77902
1.15658
1.84866
1.71095
0.946291
0.841823
1.3288
0.876646
1.15516
1.39865
1.35153
0.767336
1.27041
0.999395
0.845644
1.17727
0.976921
1.32587
0.622219
0.965908
1.24444
0.930947
0.513938
0.76375
1.12603
0.711538
0.751128
0.923192
0.925379
0.794144
0.965456
0.94711
1.1092
0.988723
2.02917
0.909425
0.488313
0.65752
0.780045
0.987908
0.887798
1.19625
0.779005
0.778826
1.46312
1.50605
0.693173
0.487977
1.73981
1.46969
6.88654e-008
0.658291
1.16474
0.680925
1.0727
0.734583
0.44595
1.03816
1.02456
0.613069
0.669357
1.38279
1.10378
1.56926
0.933464
1.17802
1.61713
1.09213
1.39138
1.26736
1.09529
0.874322
1.02619
0.626424
0.63306
1.87963
0.710518
1.3333
1.12181
0.687104
1.1127
0.898628
1.73281
2.01454
1.24569
0.819932
2.08798
1.97006
1.14588
1.39773
0.88516
0.669491
1.11829
0.555779
1.3415
2.11021
1.31865
0.657214
1.09316
1.90178
1.24741
0.902369
1.36085
1.03676
0.914247
0.642039
1.07331
1.00934
1.25742
1.29283
1.61644
1.01133
1.06691
0.893478
1.01731
0.963263
2.00927
0.92644
1.63705
0.827381
1.14503
1.17343
2.02385
1.79054
1.32881
1.16488
5.48753e-007
5.48753e-007
5.48753e-007
0.883994
1.4538
1.47416
1.5548
1.63509
0.85266
1.6621
5.77302e-007
1.16489
1.80497
1.75449
2.41717
2.51048
2.20169
2.23743
1.5533
1.71661
1.98149
1.6621
0.505873
1.3515
0.478523
1.81699
0.53624
1.25299
1.38062
0.849284
0.728703
0.771998
1.74343
1.03472
1.17087
0.938461
1.80497
0.306976
1.39694
1.59345
2.23876
2.4675
0.608072
1.40292
1.01228
1.83124
1.17087
0.995179
2.11968
1.42797
1.30417
1.25955
1.80496
1.70938
2.15441
2.16686
2.47852
2.33968
2.3503
1.74969
1.49608
0.780417
1.12837
1.15845
1.44629
1.32184
1.15343
1.31222
0.444423
0.867614
1.3909
1.24812
1.56341
1.40632
0.466599
1.17178
1.12428
1.47675
1.12828
1.40832
1.82457
