1.02222
0.834584
0.755106
1.20561
1.40666
0.905801
0.984304
1.08888
0.893414
0.960419
1.12423
1.01141
1.18649
0.987831
1.05974
1.0343
1.19416
1.15993
1.17298
1.18884
1.19078
0.960057
1.0074
0.987348
1.07021
0.97313
1.21646
1.06052
1.13223
1.14491
1.07303
1.66165
0.998358
1.2087
1.19376
1.16275
1.23253
1.16833
1.20387
1.20349
1.20094
1.19943
1.18785
1.18546
1.19466
1.15127
1.12108
1.01744
1.21157
1.19006
1.20396
1.18543
1.19367
1.16461
1.16006
1.14733
1.17443
1.18604
1.15748
1.1115
1.13701
1.05039
1.01695
1.1449
1.14346
1.15309
1.11629
1.13978
1.12575
1.16116
1.17961
1.16768
1.16433
1.16975
1.1782
1.20472
1.18886
1.16622
1.15238
1.17316
1.17717
1.18056
1.19826
1.18835
1.17003
0.505271
1.12089
1.57622
1.83153
1.208
0.832476
0.924236
1.26189
1.16717
1.57995
1.0135
0.618714
0.733854
1.57515
1.52335
1.36739
0.648253
0.590988
0.720821
0.618713
1.13649
1.62631
1.07357
0.730107
1.49924
1.67607
1.23656
1.07746
0.953884
0.874589
0.365888
1.40039
2.01487
2.16287
2.04679
1.99843
1.60838
1.72048
1.45102
1.45577
1.47795
1.45573
1.20871
1.24923
0.880829
1.33389
1.64352
1.06715
1.49746
1.38045
0.979281
1.86679
1.29014
0.902451
0.998383
1.36221
1.57417
1.83233
1.74058
1.66435
0.687964
1.29886
1.55214
1.05473
1.6372
0.95714
0.784752
0.814447
0.914535
0.763127
0.807772
1.01092
0.646984
1.09498
0.620284
0.967272
1.02371
1.05696
0.768461
0.835383
0.970042
1.20649
1.11633
0.867172
1.1411
0.815084
0.815374
0.969231
1.30953
1.49507
0.336004
0.386132
0.303039
0.813249
0.934471
1.22461
0.603067
0.557713
1.31133
1.30494
1.68924
1.20735
0.703254
0.846426
0.657697
0.712659
0.670393
0.736847
0.895481
1.29552
0.939667
0.991435
0.890608
0.533387
0.41448
0.741782
1.8022
1.58014
0.916309
1.09817
0.823109
1.21431
1.39755
1.46475
1.21917
1.26368
1.72918
1.41145
1.36555
1.59738
2.10538
1.56519
1.56833
1.62863
1.99723
1.6397
1.26011
1.32832
0.893664
0.790755
1.04156
1.35444
1.6428
1.65027
1.33992
1.57046
1.36723
1.22141
1.00488
1.83206
1.77841
1.61805
1.38371
0.787871
1.34836
1.35099
1.21271
1.37544
1.00622
1.14473
1.32528
1.48086
1.16153
1.33864
0.854628
0.861244
0.564342
0.551204
1.09781
1.21431
1.58332
1.76527
1.60399
0.709293
0.958513
0.949385
1.05724
1.00888
0.819581
1.46976
0.838045
1.67186
1.65426
1.4288
1.00785
0.679484
1.20314
1.60605
1.98102
1.35428
1.57614
1.55556
0.887418
0.592379
0.734311
0.588966
0.568377
0.55695
3.06036e-007
0.531692
0.714741
1.59364
2.11262
1.52741
1.49029
1.30748
0.948227
0.953171
1.21965
1.266
0.819702
0.756552
0.849959
1.41922
1.5411
1.62623
1.10736
1.56247
1.56915
1.2683
1.49629
1.51646
1.45582
1.06776
1.34903
1.07005
1.54338
1.54448
1.34578
1.28571
0.717522
1.40947
1.15205
1.03716
1.03682
1.61425
1.49954
1.27986
1.37357
1.63517
1.34833
0.877458
1.0236
0.395404
0.717981
1.15388
0.971797
1.33211
0.843089
1.32626
0.888862
0.660571
0.858217
0.909611
1.07348
1.06159
1.08217
0.551479
1.50964
0.608043
0.848756
0.881198
0.517636
0.593866
0.635159
1.44949
0.906666
0.964649
0.392491
2.03145
1.75369
1.86039
2.16956
1.87105
0.980249
1.13329
0.576949
0.529614
0.737851
0.679398
0.606153
0.478455
0.62887
0.959847
1.30439
0.920242
1.90938
1.67197
1.01079
1.36268
1.39593
1.08799
1.27504
1.18274
1.80068
1.47301
1.54075
1.63252
1.69179
1.67575
1.66143
1.69245
1.72648
2.08893
1.9489
2.00559
1.45778
1.23763
1.30698
0.698061
1.74975
1.82735
1.5536
1.85992
2.03211
1.70966
1.25796
1.36285
1.74654
1.87048
1.16007
1.52393
1.59261
1.36388
1.77788
1.46908
1.23259
1.54211
1.44316
1.14291
1.41732
1.36295
1.22232
1.29965
1.24613
0.595954
0.868438
1.00567
0.898467
1.35315
1.21036
1.06739
0.958634
0.964687
1.25192
1.01554
0.589458
0.613796
0.501628
0.766914
1.14599
0.89638
0.703707
1.19912
1.02065
1.35192
0.85329
0.737298
1.46461
1.26696
0.934647
1.06339
1.41468
1.21939
0.710339
1.1787
1.51177
0.557819
0.8222
1.01048
1.01474
1.83621
1.90073
1.76969
2.19235
1.02114
0.899208
1.04472
1.22316
0.896103
1.07695
1.19392
0.951881
0.701073
1.12293
1.54343
1.46578
1.38477
1.12276
0.790919
0.92903
1.0145
1.02922
1.26569
1.30761
0.874738
1.28293
0.869812
0.740393
1.01442
0.739564
0.989186
1.40513
1.2797
1.05408
0.864331
1.14024
0.833562
0.527213
0.819493
0.98308
0.918959
1.79017
1.23455
1.36819
1.46294
0.984609
0.494101
0.950951
1.16454
0.543616
0.626379
0.768141
0.777007
0.604471
1.43391
0.501456
1.13671
1.49702
1.81025
1.06955
1.25491
1.29139
0.920563
0.856677
0.865552
1.20051
0.616847
0.78219
0.748389
0.733458
0.946514
0.567412
0.944039
1.49023
0.980113
0.946288
1.07089
1.0268
1.51503
0.917376
0.662432
0.898109
0.896556
1.03655
1.24844
1.87706
1.31414
0.77377
0.856602
1.17496
1.56331
1.36804
1.34769
1.34919
1.51476
1.71827
1.04529
0.965912
1.11165
0.782948
1.10421
1.63573
1.56075
1.61759
0.526167
0.87736
1.16414
0.709687
1.53482
0.957176
1.32607
1.6741
1.52281
1.37453
1.47136
0.980903
1.20783
1.50922
1.25518
1.07615
0.931292
0.677597
1.02651
1.22817
1.24504
1.23026
1.07285
0.922114
1.4417
1.75383
1.27977
1.1615
1.52922
0.871601
0.79375
0.757649
1.08904
1.15096
0.858102
1.3512
0.959572
1.08585
0.815129
1.21819
1.11566
0.944687
0.99229
1.48987
1.45404
0.761585
0.889735
0.791951
1.02127
1.61947
1.23063
1.25188
1.51115
0.998517
1.06998
0.787985
0.669841
0.919897
0.536909
1.07034
1.02584
0.952417
0.814538
1.08644
0.631555
1.28013
1.7561
1.32042
1.61968
0.908561
1.17487
1.36948
1.28325
1.96225
1.26383
0.823803
0.57372
1.47305
1.72842
1.12481
0.926004
1.25104
1.24295
0.609178
1.02617
1.26829
1.43607
1.49957
1.70656
1.36015
1.63287
1.39136
1.14903
1.01368
0.662563
1.20713
1.06737
1.3445
0.964425
1.08278
1.21663
1.1825
0.825512
1.3667
0.727411
1.14504
1.00466
1.03972
1.14628
1.32618
1.01887
0.977347
1.35668
1.89329
1.34501
1.05109
1.35658
1.08489
0.849416
0.905791
1.08115
1.11943
1.16504
1.11341
1.39744
1.9027
1.30598
0.883794
1.33599
0.997467
0.960642
0.81706
2.0289
1.17617
0.973611
1.05882
1.02235
0.725946
0.805889
1.00262
1.87837
1.38903
0.544202
0.901852
1.02768
1.13655
1.03982
1.07866
0.928031
0.453121
1.78945
1.70714
0.880882
0.986709
1.05446
1.1675
2.2971
1.51251
1.41692
1.60846
1.32665
1.14813
1.44387
1.36757
1.11202
1.22375
1.09848
1.20661
0.740506
1.54794
1.29251
0.851403
1.27452
1.65335
1.60214
1.24324
1.09125
0.78683
1.18966
1.63827
0.343468
0.685245
0.946463
0.875674
1.71269
1.45467
0.920401
1.04631
1.4891
1.82814
1.52817
2.02307
1.63704
2.13174
1.85468
0.987289
0.834372
1.82229
1.1483
1.16308
1.34113
2.08165
1.3136
1.62637
1.09914
1.47374
1.39367
1.37181
1.44182
1.44125
1.32194
1.34779
0.989856
0.45025
1.46189
1.3786
1.53566
1.18064
1.35318
0.8698
1.03307
0.834802
1.34876
0.557116
0.454528
1.26986
1.13215
0.637182
1.41678
0.970072
1.0435
0.973336
0.888908
0.735137
0.58064
1.59654
1.83898
1.25229
1.42478
0.685332
1.44466
0.88749
0.880269
0.842817
0.803972
0.95506
1.21757
1.13933
1.04048
1.68423
1.49428
1.4499
0.585019
1.34643
1.41712
0.950712
1.43222
1.99135
1.96499
2.42542
2.50788
1.56892
1.53935
1.71921
1.30205
1.19537
1.58696
0.789634
0.839057
0.77568
1.06594
1.01442
1.05758
0.802681
0.864032
1.36736
1.2592
1.26207
1.07325
1.065
0.707868
0.671515
1.14453
0.795199
0.948798
0.91657
0.787708
1.20026
1.40848
1.40768
1.33206
1.92133
1.83231
1.126
1.23545
1.62473
1.28781
1.1751
0.740481
1.16948
1.11312
0.848873
0.56177
0.762438
0.946447
0.449681
0.688506
0.997616
0.959109
0.871685
0.928132
1.25699
0.843426
1.20324
0.969777
0.962953
1.21488
1.15745
1.06463
0.787726
1.62276
1.75174
0.712652
0.992767
1.17427
1.2068
1.56384
1.60281
1.55057
1.05475
1.17605
1.83965
1.52587
1.56573
1.56706
1.16661
1.34437
0.941087
1.82737
1.14528
0.867182
1.75837
1.68618
1.85567
1.6792
1.49316
1.75609
1.95382
1.62299
1.1978
1.13363
1.26667
1.02578
1.45719
0.923697
0.532047
1.163
0.9948
1.1601
1.0925
0.957137
1.4153
1.19592
0.624781
0.952507
0.826559
0.964373
1.28774
1.11378
1.12805
0.87976
1.00623
1.15074
0.842808
0.895047
1.08772
0.89805
0.851235
0.705933
0.990306
0.944417
1.42
1.58314
1.26408
1.82388
1.06799
0.707548
1.21642
1.22023
1.19524
0.978229
1.02402
1.41408
1.20624
0.934481
1.47958
1.00759
1.69046
0.870163
1.005
1.01432
1.37914
1.155
0.859979
0.953936
1.84296
1.88884
1.2449
1.43498
1.13101
2.02723
1.4538
1.1069
1.20284
1.28445
1.0489
0.884735
0.534511
0.873963
1.4031
1.23881
1.52715
0.809096
1.74191
1.15372
1.66753
1.88786
1.79535
1.55628
1.85538
2.10449
1.80737
1.99578
2.2292
2.15221
2.23045
1.52502
0.788405
0.893631
1.18845
1.56695
0.676282
0.414236
1.2522
1.04362
1.32997
1.12146
1.31334
1.16803
1.63568
1.08048
0.662403
1.33282
1.09873
0.952259
1.2005
1.38898
1.07402
0.75921
0.92123
0.668568
0.905541
0.74767
0.897738
0.632057
1.53342
1.37041
0.907088
1.18881
1.7182
1.34743
1.86676
1.68098
1.63823
0.993486
1.01213
1.10812
1.34004
1.3406
0.863927
0.582996
0.837845
1.04252
1.17499
1.10922
1.21827
0.577514
0.728242
0.754989
0.908635
1.57088
1.58127
0.875529
1.72539
0.996727
0.892877
2.0403
1.34673
1.1571
2.02385
2.34978
1.25952
1.46999
1.34602
1.31772
1.4851
1.3224
1.23305
1.99822
1.7665
1.97186
2.2427
1.72751
1.9143
1.88379
1.96164
1.71785
1.61319
1.58521
2.1667
1.90518
1.92975
2.02694
2.42538
1.62083
0.733233
1.23288
1.69278
0.756766
1.13794
1.29134
1.64846
1.55155
1.54898
1.49904
1.10513
0.953083
1.43335
1.62498
0.57269
0.672611
1.84587
0.784213
0.842472
1.16169
1.02339
0.675825
0.796031
0.884047
0.752803
1.00971
1.18019
1.45405
1.27874
1.46616
1.37411
1.70996
1.00056
0.867697
0.875815
0.309473
0.596398
0.694958
0.375086
1.01413
0.931434
0.915954
0.815977
1.22836
0.967298
1.4385
1.12412
0.51827
0.733709
0.973292
1.78707
1.49457
1.14268
0.919013
1.44656
1.28796
1.25604
1.4041
0.937354
1.27469
1.26141
1.17424
1.07195
1.00218
1.42239
1.02997
1.41109
1.58239
0.806175
1.51961
0.888664
1.33267
1.28007
1.09078
1.52879
2.04915
1.71872
1.19839
1.34817
1.52382
2.05643
1.65837
1.87332
1.74893
2.04042
2.12648
1.973
1.23765
1.68416
2.00688
0.929241
1.19029
0.969552
1.0839
1.04741
0.967445
0.953935
1.19595
0.774489
1.43256
0.95571
0.788933
0.979169
0.645509
0.652872
0.794747
0.886642
0.866526
1.14129
1.0549
1.65383
1.49583
1.48312
1.37058
1.46304
1.07723
1.11792
1.50531
1.54667
1.03559
0.9101
0.630667
0.946085
1.00683
0.784426
1.09442
0.282033
0.555367
0.719766
1.0521
1.36077
0.744396
1.53161
0.537323
1.06061
1.75726
1.17109
1.4795
1.59667
1.51289
1.56233
1.42779
1.27419
1.25753
1.52425
1.00487
1.09466
1.16007
1.76575
1.05136
0.432213
1.3493
0.771827
0.631205
1.49046
1.27733
1.21157
0.948183
0.962967
1.03099
1.87582
2.0896
1.8167
1.52561
0.593409
0.928294
1.82053
1.61536
1.64043
1.55884
1.76815
1.54457
1.29946
1.58334
1.20449
1.71337
0.905478
1.18979
0.83931
1.25722
1.43662
1.88418
1.30716
0.909101
1.02512
1.30542
1.21646
0.829252
0.821165
0.434101
0.691106
0.534673
0.710995
0.569734
0.862048
0.789724
0.704223
0.872333
0.956402
1.46983
1.5033
0.610842
1.16873
1.68187
1.31083
1.35707
1.33044
1.02234
0.963614
0.916626
1.16299
1.31822
0.772823
0.83136
0.954836
1.01682
1.10627
0.876194
0.996682
1.39163
1.65859
0.862549
0.879337
1.34937
1.342
1.1469
1.33133
1.12187
1.13971
1.24442
1.297
1.53749
1.16027
0.998682
1.29578
0.980373
1.69126
1.34746
1.11256
1.3346
1.35389
0.881384
1.33803
1.04073
0.567926
0.838566
1.79284
1.98485
0.796024
0.777699
0.910661
0.7769
0.583725
0.798496
1.03494
1.54851
1.48565
1.8761
1.30209
1.55141
1.41229
1.58657
1.81006
1.14283
0.786968
1.39371
1.09638
0.925211
1.01245
1.0759
0.943963
1.19458
0.737768
0.85397
0.901307
0.757239
0.78542
0.543093
0.475506
1.10322
1.26669
1.66907
1.52206
1.27011
1.63146
2.32459
1.849
1.72657
1.66589
1.09617
0.844558
1.65096
2.28243
1.18216
0.553587
0.724672
0.775769
0.95428
0.975829
1.01577
0.983944
0.990211
0.601232
0.857207
1.56812
1.86606
1.18058
1.19724
0.951948
1.25175
2.37383
1.85534
1.32613
1.54468
1.638
1.35399
1.46971
0.597278
0.781944
1.35855
1.42287
0.820393
2.02957
1.61415
1.68878
1.46236
1.57949
1.51852
1.02782
0.483876
0.400852
1.49213
1.73476
1.50395
0.551065
0.614514
0.846338
1.33627
2.02395
1.80767
1.59472
1.35142
1.4156
2.45688
1.45637
1.46266
1.63746
1.61026
1.2253
0.828828
1.39866
1.68316
1.65713
1.45949
1.29458
1.37817
1.50765
1.12923
1.02315
0.623234
1.06921
1.28876
0.585042
0.815756
0.846434
1.25546
0.901114
1.17132
1.2883
1.88262
1.624
1.53101
1.60006
1.39994
1.39099
1.22921
0.836127
1.42227
0.95035
0.984252
1.0125
0.582661
1.42459
0.664293
1.37333
1.19453
0.899038
1.12843
0.431053
1.81358
1.71367
0.853959
0.785163
1.06211
0.991687
1.17731
1.37515
0.900659
1.01914
1.53568
1.57712
0.980491
0.930322
0.849749
1.3129
0.740189
0.579704
1.29257
1.1763
0.659757
0.644195
1.59055
1.23305
0.979088
0.894489
0.637121
1.55916
1.98265
1.63638
1.27814
1.19624
1.63793
1.85249
1.62047
1.37678
0.902328
1.03907
1.8333
2.10402
1.76875
1.07397
1.26604
1.93716
2.12071
1.90412
2.06482
1.07509
1.06336
0.944836
1.31924
0.622206
1.04044
0.815633
0.885119
1.02437
0.649446
1.07694
0.769028
0.934246
0.919706
1.01405
1.14133
1.70372
1.65855
1.5892
1.61219
1.42194
1.103
1.33634
0.914017
1.29043
1.13441
0.951163
0.633305
0.727622
1.00661
0.748754
0.678862
0.692148
0.836774
0.746407
0.401574
0.637962
0.645127
1.59824
1.8054
0.992617
0.906247
1.22561
1.44952
1.43761
1.62771
1.07535
0.756334
0.70588
1.5303
1.42128
1.63429
1.39053
0.986473
1.08943
1.34525
1.42039
0.647677
0.791737
1.40505
0.830199
1.37535
0.608684
0.53453
1.13383
0.991127
1.56032
1.09637
1.24376
0.784198
1.14732
0.494452
0.832568
1.7148
1.68504
1.7277
1.43577
1.49977
1.36963
1.53395
1.4073
1.69942
2.08482
1.89313
0.896248
1.58351
0.85243
0.807367
0.812807
0.994329
1.33055
1.24069
0.759944
0.653842
0.963354
0.827474
0.958128
0.561632
0.898216
1.0792
0.531285
0.686882
0.930822
1.01436
1.15454
1.33062
1.21939
1.37605
1.04746
0.985492
1.24052
0.961638
1.05195
1.86132
1.88947
1.30629
1.06853
0.722776
0.637129
1.1243
0.56337
0.643094
0.856738
1.63162
1.50304
0.647583
1.14023
1.62718
1.15436
1.19158
1.31722
1.66093
1.57277
1.38192
0.936112
0.987027
1.21264
1.64505
0.888766
0.73978
1.32586
1.32773
1.37259
1.39264
0.892254
1.49477
1.68738
1.67529
1.15018
1.34484
0.887196
1.22368
1.37868
1.01455
1.04145
1.00451
1.03734
1.28416
0.786047
0.879967
0.545439
0.825417
0.790978
1.08231
0.885263
1.80713
2.00351
1.72545
1.76852
1.8039
1.11326
1.7586
1.31113
1.21374
1.34937
0.960844
0.589115
0.856541
0.716196
0.710954
0.384672
0.518471
1.12239
1.10152
0.944909
1.1048
1.29577
0.863445
0.901109
0.978033
1.50767
0.884836
1.10392
1.53583
1.70192
1.80717
1.49618
1.42592
1.40089
0.98263
1.22869
0.909853
0.719409
0.807791
0.517968
1.04143
0.947851
0.877245
1.67641
1.6821
1.37651
1.93879
1.72542
1.44817
1.13967
1.50131
1.1679
1.04364
1.46846
1.44467
1.40824
0.97873
1.76363
1.09928
0.96383
1.59524
1.58622
1.08062
1.35208
0.996646
0.789072
1.1779
2.25753
1.10429
1.60735
1.76365
2.04177
2.04885
1.93061
1.52108
1.29605
0.703372
1.21063
0.845227
0.815381
0.83748
0.479891
0.80445
0.880176
0.962046
0.458638
0.677109
1.95199
1.31448
1.08052
1.80648
2.11981
0.677428
1.13518
1.37982
0.89127
1.07762
0.821682
0.631511
1.03826
1.04447
0.925181
0.957373
0.569303
1.06952
1.22693
1.38066
1.41049
0.856317
0.73247
0.743003
1.12311
1.12969
2.06063
2.36444
1.31178
0.826404
1.23674
1.12546
0.612282
0.776603
1.05374
0.825759
1.2638
1.39759
1.13337
0.923293
0.79373
1.67845
1.14257
0.937223
0.978407
0.920204
1.21339
1.30765
1.34083
1.49586
1.62749
1.08109
1.45001
1.02566
0.823957
0.948718
0.89005
0.639364
1.53288
1.00684
0.551395
1.72639
1.60964
0.763289
1.24076
1.23152
0.931121
1.64017
1.94642
2.29384
1.56397
1.10749
1.16092
1.1921
0.796966
1.01252
0.57713
1.69095
1.36683
1.02958
0.695551
1.07889
1.15493
1.08925
0.53626
1.44528
0.750839
0.459421
1.21598
1.53252
2.06486
0.734697
1.36639
0.573197
0.864324
0.799296
0.597294
0.861329
1.13948
0.972097
0.928598
0.975964
0.908977
0.846633
0.937434
0.892185
0.828722
1.18083
1.63847
1.53597
1.70946
1.31905
1.36556
1.42505
1.7397
1.25476
1.06985
1.35443
0.896591
0.962054
0.554688
0.584176
1.01749
0.969041
1.01106
0.962431
1.80415
1.38138
0.967266
0.601299
0.912383
0.928067
0.699594
0.660953
1.27404
1.36278
1.27938
0.961903
0.830299
1.07019
0.80087
0.997882
0.754194
0.813057
1.32079
1.5012
1.08077
0.78242
0.958221
1.23794
1.00116
1.54402
0.466005
1.86242
1.97362
1.94254
1.65937
1.23854
1.7466
1.4137
1.25885
0.943295
0.536244
1.7597
1.16537
1.28411
1.36237
0.596221
0.652994
0.421541
0.453374
1.03174
0.586043
0.866587
1.19888
1.34924
1.56041
0.72005
1.41892
0.983094
0.854057
0.853063
1.04632
0.899709
1.24295
1.03027
0.755594
1.39274
1.34992
1.41096
1.51145
1.35225
1.52742
1.44933
1.44308
1.44835
1.27517
1.30144
0.741701
0.751108
0.629741
0.962321
1.20041
1.39638
1.00975
0.874579
1.37628
1.1885
0.720755
0.979437
1.00281
1.75302
1.04849
0.974431
0.762741
1.33279
1.01017
1.56003
1.13277
0.958439
0.658973
1.25038
1.33678
1.20048
1.16866
0.644526
1.14443
1.29582
1.00755
1.14757
0.730665
0.928881
1.51524
1.29405
1.19053
0.761695
1.08814
0.818218
1.19922
1.53016
1.56245
1.03604
1.18025
0.836302
0.460023
0.7173
1.20743
1.87353
1.23552
1.12315
1.74863
1.60845
1.40006
1.42285
1.72453
1.97172
1.8733
0.878163
1.78124e-006
0.88567
0.568458
1.26257
1.49038
0.72293
0.845322
0.99108
1.12387
0.816576
0.87562
1.2188
1.74953
0.994877
1.03616
0.961692
1.44574
1.92641
1.66412
1.42218
1.13958
1.19048
1.02543
0.999177
0.981065
1.3764
1.45069
1.00146
0.776053
1.45474
1.73619
1.38005
1.11103
1.08663
1.04636
1.91513
1.52643
0.926361
1.84182
1.27856
1.00383
1.38645
1.32442
1.26886
0.914878
1.055
0.722877
1.56344
1.33849
0.881868
0.867597
1.37645
1.37566
1.24811
1.10172
0.591284
1.58153
1.54541
1.35147
0.904971
0.59896
0.729537
1.09439
1.65956
1.48885
1.0931
1.82707
1.02408
1.61675
1.04125
1.25572
0.828427
0.914796
1.25001
1.29279
1.71445
1.53952
1.12656
1.6725
0.626375
0.962816
0.672059
0.673786
0.661144
0.885416
0.798991
0.773607
0.883353
0.463945
1.27909
0.566145
1.12546
1.47801
0.843119
0.731167
0.832237
0.907519
0.999216
0.644436
1.75513
1.82412
1.30679
1.23924
1.03907
0.915578
1.38469
1.39315
1.85778
1.3074
0.777228
1.33247
1.06317
0.803465
1.02314
1.40052
1.61197
1.08766
1.34587
0.729141
1.53291
1.24949
0.932205
0.894233
1.64013
1.21059
1.0121
1.52728
1.40314
1.78506
1.70543
0.89922
0.907229
0.611546
0.937061
1.11508
0.99707
0.999186
0.918716
1.03535
1.828
1.63501
1.60418
2.10934
2.03866
1.69665
0.729224
1.16179
0.750257
0.885383
1.23657
1.23298
1.26514
2.00605
1.35532
1.72316
1.70244
1.45168
1.52197
1.80426
1.27963
1.07597
1.04157
0.944525
1.17547
1.61108
0.737902
0.369528
0.897346
0.677617
0.818626
0.642091
1.20372
1.12283
1.38693
1.0543
1.13151
1.07896
0.628844
0.863765
0.992217
0.914607
0.874144
0.953564
0.688602
1.20938
0.979543
1.07927
0.875285
0.981689
1.55554
1.04719
0.691068
0.998675
0.875616
1.16787
1.18596
1.19989
1.10761
0.984962
1.10047
1.37831
0.791632
0.956827
0.888436
0.865895
0.713704
0.590241
1.0654
1.72555
1.23085
0.878361
1.11053
1.0151
1.19055
1.44539
1.24993
1.27076
0.959412
1.48872
0.937829
0.422702
1.72717
1.47908
1.47096
1.76854
1.84349
1.84307
1.54888
0.992057
0.936762
0.60349
0.791341
0.828954
0.493167
0.822978
1.09124
1.53741
0.679543
1.82338
1.65005
1.4749
1.47166
1.29022
0.388596
0.791994
1.27843
1.55553
1.409
1.43519
0.639473
0.985415
0.825409
0.88414
0.957688
1.61282
1.53837
1.39894
0.346893
0.979251
0.852044
0.583971
1.21153
1.15961
0.550655
1.07027
0.98383
1.29445
1.64991
0.897989
0.864639
0.802406
0.736404
0.998921
1.09166
1.11172
1.0217
1.74524
1.93246
1.41271
1.5112
1.40296
1.35934
0.884566
0.854888
1.51525
1.48015
0.914618
1.15914
1.01639
1.08875
0.826657
1.57649
0.890227
1.69579
1.15625
0.652601
0.952726
0.87048
1.20451
1.35124
1.29606
0.870045
1.00196
1.3146
0.789652
1.52332
2.11624
1.94757
1.92895
1.93115
2.10618
2.20851
2.10029
1.40341
1.24602
0.822923
1.01667
0.77162
1.49269
1.976
0.842436
0.954576
1.06687
1.15568
1.73913
1.66596
1.92149
1.62234
0.458154
1.07354
1.57455
0.863841
0.818731
0.931648
0.741612
0.727595
0.646835
1.03239
0.963811
1.48089
1.85866
2.20735
1.63323
0.955194
1.08975
0.714197
0.567563
0.997119
1.59539
1.93197
1.67587
1.41267
1.23951
1.04746
1.9537
1.78743
1.64118
1.74245
1.54616
1.49765
1.53897
1.1477
0.864076
0.919269
0.882992
1.27885
1.19608
0.969813
1.03449
1.19807
0.919889
1.26604
0.763493
0.983831
0.810748
0.624204
0.740219
1.05568
1.74654
1.11585
1.03933
1.26726
1.89138
1.15609
1.02144
0.933724
0.745649
1.53916
1.06689
0.930901
2.04058
2.56766
2.36181
2.27215
1.59932
1.4618
1.86847
1.30479
1.05373
1.00685
1.16724
1.1756
1.07747
1.37379
0.945434
1.01372
1.56044
0.818928
1.3581
1.05953
1.49479
1.70355
2.19682
2.1989
1.81339
0.471035
0.92619
1.05795
0.864994
0.602399
1.19041
1.05798
1.84679
1.49373
1.32513
1.25528
1.21575
1.51536
0.5287
0.759425
1.0056
0.574486
0.581196
0.870515
1.5709
2.30608
1.13392
1.29216
0.890172
1.21385
0.861263
0.93709
1.18361
1.42337
1.44942
1.59188
1.34171
1.42231
1.55546
1.57886
1.442
0.936268
1.21321
0.904379
1.0415
1.03146
1.29187
1.19106
1.1612
1.36964
1.30586
1.04328
0.886043
1.83518
1.35655
1.07839
1.76394
1.70021
1.41989
0.937597
1.40743
1.47715
1.29581
1.41875
1.71652
1.62561
1.5859
1.4671
2.04589
2.22207
2.25182
1.7612
1.30349
0.855274
0.959075
1.02257
1.23536
1.01035
1.36019
1.21792
1.38318
1.631
1.6783
1.40561
0.981668
1.82449
1.87624
2.07646
2.34488
2.34714
1.35001
1.45845
1.54402
1.2651
0.757947
0.683729
0.976481
0.94995
0.830855
1.41675
1.60462
1.673
1.51491
1.27366
1.08869
0.932436
0.822835
0.970148
1.45963
1.39709
0.787657
1.5031
1.70757
1.04496
1.55527
1.37123
1.04899
0.896138
0.734329
0.941195
0.813673
0.6655
0.784603
0.594737
1.2776
0.870082
0.877531
0.698644
0.911267
0.72407
1.4873
1.70543
1.17414
1.11045
0.939638
0.728802
1.11379
1.13841
1.0876
1.13165
1.14092
1.23808
1.22086
1.41652
1.56
1.53998
1.19419
1.54896
1.55403
0.723456
1.0169
1.31355
1.10535
0.88863
1.28877
1.37673
1.41572
1.25053
0.567388
0.982002
1.39071
1.544
1.83394
1.83472
0.702367
1.64473
1.62433
1.28924
2.02013
1.64937
0.833173
2.01444
1.6965
1.72588
1.67492
1.32127
1.12135
1.71505
2.18
2.16347
2.25936
2.11748
2.07429
1.35549
1.04928
1.33305
1.7163
1.89856
1.54842
0.813147
0.866595
0.925243
1.03036
1.02073
0.995149
1.93656
0.63804
1.18349
1.22668
1.68782
1.58799
0.884049
0.913932
1.05981
0.708965
1.13163
1.18408
0.920532
1.35027
0.887317
1.05675
0.621349
0.716576
0.726401
0.666499
1.21906
1.22911
1.08481
0.859837
0.938805
1.42683
1.10658
1.12927
0.875583
0.675694
1.51241
0.939782
1.44769
1.16528
1.18294
1.08454
1.13916
0.929332
1.0401
0.704643
1.04324
1.09309
0.915882
1.11289
1.7909
1.59737
1.25922
0.672178
0.38489
0.723146
0.441367
1.63779
2.0824
1.75956
1.5343
1.75272
1.72616
1.24671
1.11648
0.712966
1.10819
1.68563
1.314
1.27353
1.26318
1.76422
1.84977
0.909933
1.11333
1.86678
1.73248
2.08739
1.18323
1.23638
1.19543
1.79051
0.947622
1.84706
1.58734
0.779226
0.756628
0.617365
0.766182
0.916809
1.05156
1.66455
1.73579
2.33874
1.44413
1.37779
0.457011
2.2578
1.86842
1.05282
1.0373
1.52755
1.42209
1.24354
1.13888
1.40077
1.12069
0.746586
0.586082
0.883586
0.762184
1.02232
1.38619
0.946181
0.920937
1.24887
1.71587
1.51663
0.837885
1.11677
1.26959
1.17531
1.46288
1.32709
0.917321
0.693882
0.730149
1.44372
1.58039
1.66165
1.47381
1.61102
2.29581
1.99473
1.67414
1.92385
0.680202
1.02006
1.30915
1.40817
1.55189
1.22569
0.693528
1.68262
2.33925
2.09931
1.97247
2.18529
1.8822
1.51932
1.48514
0.710916
1.36517
2.39678
1.85996
1.16901
1.03837
0.812597
1.58426
1.32847
1.44079
0.923419
0.571264
1.14738
1.61411
1.31481
1.20941
2.16242
1.83519
0.92851
1.16805
0.600071
1.06288
1.07109
1.4365
0.655072
1.09863
1.78299
1.51399
1.72178
0.972863
2.24307
1.78372
1.67091
1.69013
1.52529
1.23502
1.24327
1.20981
1.48452
1.55112
0.843103
0.773162
0.943995
1.0772
1.23508
0.940248
1.01894
1.22947
1.26208
1.2858
1.01695
1.02728
1.02781
0.825895
1.34079
0.869001
1.70122
0.891706
1.17951
1.36024
1.14549
0.98971
1.29729
1.41742
0.746553
0.92274
1.09431
1.17782
1.4921
1.69946
1.66513
1.86282
1.43145
1.23609
0.606613
0.643947
1.20312
1.20793
1.72226
1.78368
1.77775
1.6306
2.25478
1.29973
0.805659
1.12134
1.62299
0.716542
0.785479
1.11284
1.01198
0.796938
1.10569
0.784243
0.869646
1.12485
0.491395
1.15556
0.908473
1.26392
1.87219
1.64878
1.58423
1.29456
0.665312
0.797514
1.0205
1.08271
1.39056
1.91295
1.83106
0.592308
0.386921
1.37479
2.11878
1.50733
1.83307
0.96793
1.22997
1.28345
1.21826
1.26487
1.11716
0.894822
1.10262
0.718884
0.775775
0.755814
0.693397
1.14384
1.74602
1.08456
0.962385
1.19295
1.30075
1.23082
1.27522
1.10864
1.01355
1.29951
0.638093
1.30162
0.843754
1.04344
0.887907
1.38106
1.45143
1.76631
1.19638
0.825307
1.42099
0.623465
1.32328
0.997905
0.929216
0.904796
1.6537
1.50523
1.04471
0.765951
1.02341
1.61902
1.49031
1.20318
0.818477
0.937674
0.648605
0.628024
0.767558
1.04739
0.955129
0.876579
1.02075
1.6475
1.93803
1.53568
1.55227
1.61743
1.45437
0.825647
0.866339
1.31123
0.769701
0.780076
0.981797
1.06655
1.06949
0.758238
0.956159
1.01242
0.8211
1.24081
1.61152
1.79733
0.673371
1.16791
1.38694
1.37601
1.03008
1.54439
1.1915
2.01424
1.54823
0.727712
0.907802
0.78914
0.921187
1.72938
1.16429
0.735091
0.852195
0.844929
0.821087
0.799656
1.11195
0.926248
1.00844
1.02914
0.880273
1.05913
0.799448
1.06168
1.04304
1.24851
1.03246
0.913633
0.711666
1.54232
1.66518
0.767504
0.915664
1.86318
1.5697
1.35449
1.28266
1.4664
1.41733
1.03248
1.45244
0.62032
0.747855
0.581065
0.691345
1.66434e-006
1.78402
1.492
1.131
1.15135
1.24385
1.1558
0.593143
1.14287
1.18877
1.42015
1.88583
0.978974
1.66504
1.36128
1.32472
1.10005
1.27153
0.715585
0.575727
0.593322
0.58739
1.01352
0.75816
1.27354
1.08978
0.902056
0.546024
0.899558
0.806685
1.20945
1.65371
1.61907
1.09359
0.869824
0.883851
1.10337
1.29085
1.13726
0.638024
1.86656
1.1831
1.69837
1.37834
2.10575
1.40724
0.9384
0.871269
1.17471
1.15412
1.24174
1.23688
1.26568
1.18978
0.766092
0.872088
1.02885
1.16955
1.02548
0.807193
0.841673
1.15277
1.2479
1.30447
1.0666
0.875452
1.14429
1.46345
1.28077
1.58794
1.77559
1.58697
0.879224
0.982503
1.17351
1.09333
1.23482
1.45219
1.23095
1.08806
0.72364
0.901086
1.18608
0.686576
1.05865
0.971538
0.481008
0.689207
0.610156
0.65994
1.01218
1.16666
1.61681
1.78422
2.31672
1.91489
1.56811
1.2642
1.17849
1.32199
1.67631
0.855677
1.34962
1.592
1.96989
1.58456
0.710163
0.878205
0.709374
0.926596
1.37684
1.74469
1.61483
0.873786
1.04343
1.0807
0.476389
1.95572
1.377
1.22405
1.85767
0.972245
0.291078
1.02048
1.07765
0.706882
1.12715
1.23921
1.83078
1.93232
1.94269
0.906598
1.39631
1.7202
1.76074
0.947553
1.11664
1.1089
1.48372
0.665676
0.524257
1.37547
1.40984
1.07236
1.07115
1.05256
1.16582
1.56341
1.47529
1.96604
1.42626
1.12634
1.39721
1.36223
1.42677
1.01951
1.00151
1.16431
0.979023
1.14821
1.24055
1.28368
1.50597
1.28272
1.1934
1.02001
0.935105
1.61487
1.53916
1.51266
0.787737
0.662463
0.363915
0.979747
1.14397
1.38944
1.1724
1.54982
1.84408
2.34008
2.37488
2.34571
2.23404
2.3341
2.30967
2.1328
0.821568
0.909959
0.451997
0.64064
0.761066
0.968871
1.33575
1.06417
1.28592
1.35177
1.51274
1.4359
0.588748
0.496605
0.523899
1.17454
1.05913
0.809654
0.682158
0.785839
2.10442
0.7972
1.06329
1.6257
1.4988
1.31356
0.514708
1.59549
0.875643
1.93236
2.23238
1.24909
1.30219
0.987865
0.532626
0.979668
1.14484
0.622474
0.788553
1.66074
1.66191
1.46086
1.18054
1.29486
0.638084
0.865918
0.858167
0.763464
0.679755
0.447322
0.460167
1.06167
0.884827
0.981318
0.858572
0.835188
0.880107
0.78034
1.41812
1.26599
1.03729
1.41004
1.06124
1.17252
1.48756
1.11218
1.36248
1.942
2.22833
1.97289
1.33714
1.03392
0.950581
0.675345
0.743135
1.41939
1.5497
1.99972
1.83466
1.77356
1.76541
1.95621
1.9793
1.95928
1.86154
2.02399
1.4857
1.24664
0.712793
0.633144
0.471799
0.868491
1.13745
0.905008
1.46627
1.1491
1.48413
1.39815
1.37551
1.4516
0.607815
1.67348
0.331149
0.903264
1.10443
1.32912
1.44335
1.91287
0.631637
1.61321
1.50495
1.6547
1.03214
1.89142
1.3434
1.72335
1.07408
1.18678
1.0605
1.31403
1.3695
1.10052
0.722739
0.878919
0.924873
0.895648
1.01466
0.983311
0.889696
0.408088
1.06323
1.09758
0.865188
1.31084
2.20316
1.44894
1.44814
1.49248
1.50662
1.2919
1.0098
1.14829
0.996408
1.18923
1.44576
2.09241
1.68189
1.8366
1.37408
1.16621
1.12621
1.04734
1.29233
1.08528
1.73393
0.74392
0.906431
0.985574
0.634313
1.20129
1.40987
1.29404
1.19528
2.10175
2.14755
2.10646
2.10957
2.13148
2.10705
2.2078
2.21151
2.17746
2.10905
1.81039
1.36543
0.678715
1.0489
1.68604
0.811409
1.16242
1.03678
1.35137
1.14506
1.31423
1.90013
2.05831
1.74635
0.927992
1.20628
0.728141
1.13355
0.911236
1.53587
2.0057
1.39897
1.23911
0.964642
1.0943
0.82257
1.03685
1.41817
1.30035
1.07859
0.953475
0.693626
0.757256
0.801723
1.11749
1.04664
1.31592
1.31652
1.37159
1.63851
1.68769
1.70247
1.71305
1.41422
1.37301
1.48889
1.21213
1.123
0.574077
0.756955
0.861023
1.06049
1.40657
1.45985
1.37845
1.09063
1.05467
0.54157
0.948008
1.23813
2.30665
0.705084
1.51116
1.88021
1.32311
1.92461
1.63637
1.36995
0.968061
1.15158
1.00306
1.98376
1.83942
1.90198
1.8145
2.04925
2.0536
2.05306
2.09852
2.20912
1.85647
1.9281
2.32053
2.0869
1.86103
1.65516
1.87717
1.52971
0.860649
1.35223
1.50842
0.805628
1.15859
1.29895
1.24131
1.51685
1.62284
1.01613
0.939368
1.85166
2.06828
1.46739
1.33433
1.075
1.33199
2.18036
1.70536
2.15264
1.03378
0.86438
0.845486
1.26687
0.740608
1.95166
1.54492
0.473289
1.09174
1.29652
1.24652
1.42918
1.59605
1.01103
0.92735
0.942384
0.720885
0.539691
0.607536
0.763342
0.852093
1.34704
0.962833
0.844063
1.29584
1.14136
1.05538
0.744786
1.03057
1.11783
1.24227
1.47735
1.81467
1.79258
0.929206
0.852983
1.06544
1.10345
1.01068
1.04981
1.2003
1.29153
1.16936
0.50172
0.506097
1.08044
1.53514
1.34298
1.18894
0.915514
2.17794
1.51447
1.35496
1.90614
1.6725
1.30191
1.52472
1.58893
1.52265
1.35846
1.13011
1.43753
2.20897
2.31035
1.77608
1.73555
0.836002
0.849915
1.4146
1.31143
1.28575
1.20102
0.682717
1.43028
1.47098
1.33618
1.48821
1.12173
1.88163
2.18737
0.982996
1.17376
1.30603
1.63636
1.42358
1.42676
0.872402
1.2615
0.67415
1.6424
0.527515
1.80947
1.59475
1.54757
1.03175
0.901967
1.17083
0.702837
0.917069
0.803334
0.812694
0.880205
1.2853
1.16459
0.807545
0.77436
1.36373
0.888628
0.868873
1.60254
1.17919
0.927173
1.05756
1.00469
1.19226
1.17646
0.901863
1.26982
1.03172
1.31128
1.12377
1.05149
1.49661
1.0607
0.735481
0.516324
0.442347
0.917339
1.15704
0.824205
0.664598
1.37765
1.54206
2.00996
1.92035
1.44807
1.25506
1.88046
1.69151
0.869931
1.22836
1.5699
0.83421
0.777084
1.80302e-006
0.666178
1.01857
1.28707
1.39312
1.56178
1.836
1.42024
1.07447
1.00111
1.68155
1.22418
1.66867
0.630512
1.05406
0.775832
1.52991
1.27841
0.362386
0.663198
1.02902
1.86756
1.52666
0.650802
0.718306
1.04275
1.18388
1.957
0.781461
0.995386
0.935193
1.802
0.86606
1.51169
0.647419
0.739341
1.36558
1.59586
1.33534
1.18436
0.99385
1.16138
1.45012
1.37848
1.63257
1.33581
1.16908
0.83045
0.852722
0.765624
1.02069
1.04241
1.27013
0.831578
1.31035
0.748588
0.890646
1.01832
0.471438
0.665308
0.55028
0.852267
1.2287
1.43098
1.17717
0.99321
1.53548
0.509185
1.05241
0.928454
0.506137
1.39923
1.40897
1.41808
1.67046
1.02187
0.853051
0.828059
1.16577
0.567741
1.56013
1.36527
0.746619
1.07611
0.727344
0.650191
1.28928
1.28928
1.28928
1.28928
1.10478
1.74588
1.83802
1.70487
1.40171
0.792036
0.805794
1.30607
0.606179
0.665867
1.1007
1.12132
1.01351
0.906849
0.743166
1.09227
1.44203
0.804542
1.79393
0.978094
1.34642
0.848638
0.616505
0.687291
1.16003
1.16912
0.954509
1.01985
1.23002
1.4715
0.908547
1.29202
1.44093
1.05052
1.28586
0.968085
1.67079
1.30775
0.884892
1.01526
1.02569
0.948304
0.586941
0.585925
0.789972
1.79157
0.991241
1.23543
0.931519
1.15457
0.84057
0.956015
1.42084
0.870966
1.26052
0.96269
0.860016
0.828128
0.587939
1.16595
1.35127
0.549567
0.942104
1.64898
0.802493
1.59116
1.70314
2.20458
1.565
1.26937
0.927452
0.613922
0.608056
1.31805
0.511158
0.476168
0.564074
0.619246
0.574446
0.835447
0.421358
0.539021
1.20315
1.20315
1.20315
1.20315
0.764333
0.735405
1.69407
1.6057
0.891192
1.18807
0.809962
1.42014
1.18268
0.957541
1.80176
1.78844
0.748038
1.10276
1.28733
0.992635
1.54086
0.72769
1.7541
1.65366
1.37456
0.601883
0.541896
0.445852
0.929389
2.15198
1.2643
0.752919
1.48124
1.41435
1.11616
1.17979
0.76957
0.558947
1.15212
1.09373
1.85871
0.937846
1.25522
1.1156
0.989886
0.773897
1.26282
0.489901
0.83565
1.34535
1.17662
1.33655
0.868296
0.867361
0.853597
1.12983
1.20395
0.955663
1.19384
1.52689
1.66608
1.05524
0.916708
0.973693
0.640474
1.43911
1.05897
0.483239
2.0924
1.90717
2.08186
1.94587
1.45519
0.963472
0.950449
0.771383
0.709003
0.88074
0.659888
1.24629
1.87808
1.73638
1.48152
1.13412
1.95217e-006
1.97657e-006
1.97657e-006
1.97657e-006
1.97657e-006
1.97657e-006
0.659887
1.21547
0.530476
1.02907
0.573141
1.21831
0.60868
1.11095
1.48446
1.25925
0.874025
1.44296
1.69547
1.57909
1.51358
1.4364
1.12231
0.632676
0.511953
0.791639
1.44512
1.36592
1.69237
1.51361
1.5583
1.67572
1.38459
0.828185
1.96826
1.488
1.49166
1.81541
1.61938
1.43208
1.77906
1.63953
1.44173
1.61694
1.44747
0.937856
1.12654
1.03433
0.852199
0.995845
1.00493
0.958751
1.25464
1.25207
1.52362
1.0706
1.42774
1.17417
0.913015
1.06561
1.09632
0.838454
1.07069
0.844771
0.754111
0.680002
1.30197
0.905494
1.5645
1.0144
1.5757
1.35128
1.58406
1.26058
0.822565
0.821468
0.581702
0.556157
0.742165
0.921108
0.89326
0.896208
0.872124
1.60219
0.758495
0.69635
0.385573
1.97657e-006
0.691815
1.24947
0.823548
1.97657e-006
0.691815
1.24947
0.823551
0.945291
0.873821
0.872186
1.09445
1.22111
0.933355
0.77344
0.952629
1.43727
2.14984
1.51166
1.64338
1.49082
1.3531
1.17631
1.26748
1.22421
1.77834
1.09572
1.49939
1.10622
1.30733
1.1218
1.04127
1.83658
1.27996
1.07313
1.26702
1.41708
1.18238
0.92945
0.676094
1.38708
1.30626
1.22482
1.05199
0.930694
1.33305
0.954953
0.944269
0.658407
0.892543
1.22585
1.10574
0.785148
1.0193
0.837017
1.1877
0.547224
0.821788
1.30274
1.44645
1.28256
1.37509
1.03671
0.536826
1.14204
1.02558
1.44156
1.76979
1.79123
1.49396
1.4893
0.800484
1.11319
1.17952
0.714196
0.567565
0.948014
1.28928
1.10809
0.974712
1.93
1.9961
2.04142
1.98236
1.62199
1.00492
0.650191
0.887416
0.558308
0.614061
1.20314
1.20314
0.837037
0.76039
1.28928
1.07959
1.18936
0.808209
1.36043
0.603469
0.725861
2.25814
0.900082
0.815012
1.10224
2.02414
1.5842
1.17206
1.52855
1.46352
1.42309
0.899752
1.36555
1.39256
1.78609
1.9956
1.58675
1.3721
1.78648
0.889043
1.06258
1.16187
1.34119
1.58676
1.45177
1.42812
1.55591
1.07847
1.27761
0.926033
0.872944
1.03036
0.955652
0.894928
0.77344
1.06438
1.1832
1.20774
1.33775
1.52177
0.96899
1.24428
1.12781
1.22357
0.999385
0.789736
1.01452
0.885051
0.963219
0.99829
1.11657
1.51218
2.02713
1.9849
1.24258
1.63485
2.09753
1.66332
1.30131
1.17245
0.583546
0.662776
0.829443
1.2167
1.01645
0.535998
1.71189
2.16716
2.19537
2.09066
1.69237
0.864914
0.571061
0.772239
0.726087
1.88531
2.20033
2.20033
2.1713
1.2071
1.12865
1.18505
1.05017
0.616691
1.24062
1.59495
1.404
1.03998
2.0124
1.67388
0.983462
0.776587
1.52891
1.72768
1.54537
1.1899
1.26344
0.886749
1.19415
1.4136
1.7612
1.07097
1.22366
1.36812
1.68363
0.969495
0.754485
1.01189
1.31956
1.33981
1.40639
2.13547
1.01713
0.947105
1.18089
1.30603
1.5967
1.79276
1.2058
1.37626
1.21663
1.06954
0.909998
0.964855
0.872809
0.820987
0.722739
0.71314
0.70464
1.00219
0.877168
1.01763
0.982665
1.15404
0.671646
0.722257
1.66308
1.51458
1.56858
1.15076
0.608348
0.54889
1.24379
1.34723
1.40475
1.55076
1.69089
2.00164
2.1031
2.20874
1.8148
1.26611
0.656114
1.32233
1.96178
1.97212
0.654424
0.648184
0.829783
1.43214
1.82223
1.60088
1.20315
1.20315
1.07685
1.19141
0.938211
0.995117
1.01882
1.894
1.56677
1.04189
0.930145
1.38091
1.61298
1.96075
1.45633
0.471119
1.01513
0.80927
0.705179
0.688916
1.70871
1.50707
1.47097
2.40853
1.36749
1.20804
1.30449
2.05341
1.57065
1.35466
0.927457
0.74266
0.993549
0.846291
1.24409
1.2554
1.14031
1.71
1.34561
1.10567
0.791337
0.897601
0.887479
0.939946
0.466775
0.854637
0.744332
0.885339
0.890974
0.658058
0.455076
1.0551
0.877327
1.12612
0.988638
0.701851
1.02641
0.712531
1.32325
1.26373
1.68466
1.78542
1.09346
0.739275
1.06908
0.703012
0.527576
1.51184
1.88283
1.58258
1.32234
1.81144
1.48532
1.54703
1.42423
1.38679
0.879576
0.938637
1.14318
0.705599
0.436769
0.613246
1.04643
1.09618
1.63984
1.11537
1.15161
1.50661
1.67403
0.599399
0.437122
1.37289
1.3485
1.07943
1.13956
0.893128
1.56722
0.963499
0.833247
1.53151
1.33682
1.55572
1.21657
1.16094
0.62112
1.35768
1.45062
1.72217
1.94339
1.57718
0.749193
1.34309
0.814336
1.71365
0.953662
1.2304
1.31117
1.62028
1.3213
0.612373
0.761977
0.830426
0.803547
0.902101
1.11168
0.817123
1.0155
1.12493
1.06518
1.16055
1.21884
1.44204
1.43094
1.74805
1.53542
1.51506
1.94686
1.47228
1.67465
1.09647
0.955242
0.884193
1.13925
0.474807
0.640327
0.714722
2.1026
1.22104
0.839808
0.561637
0.952869
0.885448
1.45067
2.04313
1.576
1.63228
1.55556
1.28928
1.23966
0.820533
0.640376
1.05569
1.72733
2.07233
1.61741
0.564168
0.719637
0.983161
1.29311
1.09893
1.08357
1.87351
2.1382
1.72413
1.76051
2.11747
1.55556
0.909635
0.607418
0.76039
0.948861
1.14765
0.951331
1.05156
0.583583
1.13255
1.40763
2.06949
1.6481
1.51265
1.79468
1.93673
2.15026
2.03166
1.70723
1.68451
0.933327
1.87836
0.720959
1.57016
0.926936
1.39095
1.01086
0.750626
0.791006
0.897279
0.583762
0.935268
1.44595
1.39769
0.936719
1.46352
1.22381
1.83519
1.69471
1.55775
1.41341
1.13176
0.818765
0.942349
1.24635
1.20425
0.621983
0.763211
1.1336
0.711628
1.23205
0.939983
1.07239
1.68172
1.88235
1.90564
0.815368
0.808893
0.581373
1.80784
1.99441
1.79703
1.72528
2.17127
0.668376
0.513152
0.539021
1.20315
1.14678
0.791786
1.087
1.75108
1.78052
2.11565
1.9155
2.20532
0.913298
0.896047
0.708757
0.682226
0.950705
1.16146
1.30683
1.6756
1.72425
1.83048
0.670416
1.01592
2.06061
1.12403
0.848075
1.00049
1.00262
1.56228
1.17625
0.808861
0.731864
1.26284
1.40363
1.23921
1.5565
2.11256
2.07927
1.88424
0.722256
0.836967
1.95967
1.48225
1.68327
1.47436
1.4505
1.25302
1.35934
0.882287
1.10071
1.25897
0.998947
0.93326
1.38977
1.0855
1.25817
1.07089
1.26559
0.795913
1.009
0.919749
1.1007
0.975412
0.583332
0.673552
1.27447
1.00868
0.914743
1.00216
1.58592
1.64451
1.95534
1.61434
1.29888
1.00199
0.934718
0.498264
1.54344
1.6076
1.00624
1.5784
2.05784
1.73424
1.11097
0.820802
1.5172
1.7919
1.30782
1.14616
1.48988
0.924211
1.11276
0.643962
0.655032
1.20315
1.42813
1.48786
1.35914
1.25076
0.886813
1.19245
0.530549
0.675881
0.709023
0.866139
1.05556
0.778219
1.24791
1.36013
0.626513
0.812777
0.858254
1.47124
1.63385
1.50948
1.42648
0.925335
0.983795
1.04623
1.21165
0.933982
1.41214
1.75737
1.47614
1.64813
1.3435
1.55898
2.18631
1.24287
1.485
0.821311
0.87674
0.917512
1.35843
0.885229
1.01964
1.28871
1.39648
1.54284
0.902409
1.46786
1.60013
1.80252
1.32723
1.3189
0.969884
0.836916
0.85353
1.55345
1.48735
1.14637
1.45419
0.828871
0.620043
0.52418
0.720392
1.30947
0.632245
0.974202
1.61236
0.770532
0.855569
0.716967
1.18971
1.0973
1.34151
1.19782
0.765681
0.702077
1.44992
1.31133
1.30494
0.850161
0.828712
1.31133
1.31435
1.39202
1.65943
1.88769
1.56815
1.55228
1.10558
1.12178
0.888649
0.629395
0.860971
1.1046
0.466471
1.32362
1.23602
0.922409
0.92185
0.823548
0.680946
1.00576
0.73616
0.91797
1.31515
0.858394
1.24599
1.76695
1.72947
1.22636
1.43535
0.991123
0.770176
1.27951
1.55622
1.71233
1.752
1.12037
1.42008
1.45832
0.672524
1.73082
0.908077
0.639614
0.57751
0.871326
0.699112
0.73307
1.40953
1.25176
0.982644
0.945895
0.803596
0.569227
0.689831
0.608951
1.31823
0.901702
0.801475
1.09264
1.11735
1.00317
0.679192
0.837984
0.915435
0.966789
1.00636
0.836348
1.00494
1.37483
1.03629
0.773101
1.1431
0.71712
1.31365
1.15533
1.23817
1.52449
2.07477
2.21019
1.57032
0.97097
0.685585
0.585814
0.5702
1.19734
1.02542
0.888136
0.981433
0.851803
1.21363
1.28928
1.25006
0.647749
0.597217
0.567567
0.965186
0.628885
0.690757
1.06581
1.05945
0.878859
2.22687e-006
2.22124e-006
2.27362e-006
0.631718
0.662185
1.05958
1.84975
1.33457
0.714195
2.22687e-006
0.55694
0.807948
1.53106
2.15279
2.12421
1.29656
1.07657
1.00274
0.944949
1.6288
1.50188
1.25593
0.92703
0.553231
1.6142
1.47378
0.788462
0.674172
0.91748
1.29617
1.47164
1.37193
1.10976
1.43174
1.55045
1.04696
1.36507
1.05941
0.810908
1.56706
0.459321
0.550616
0.960403
1.17463
2.20189
1.53411
1.29593
0.962119
0.884847
0.874504
0.941191
1.38582
1.47525
0.832939
1.91592
1.19657
1.98437
1.31486
1.18836
0.747703
1.19624
1.68619
1.59818
1.13253
0.994309
0.558803
0.609627
1.38731
2.16078
1.39734
0.969769
0.805037
0.899377
0.535614
1.20346
1.15691
1.18592
1.76288
1.8468
0.469602
0.854203
0.515626
0.592305
0.816154
0.88581
0.517109
0.539023
0.463799
0.523824
0.48918
0.578536
1.03019
2.0095
1.35003
0.617284
2.22687e-006
0.436543
0.667843
0.801865
0.823997
1.00942
1.59109
1.69773
0.86665
1.28865
0.997715
0.820755
0.578183
0.854223
1.58279
1.47673
1.1597
1.72709
1.41253
1.15012
1.31666
0.820167
0.780898
0.432498
0.838347
0.833652
1.40768
2.16322
1.72877
1.9011
0.714338
0.699162
1.00111
1.25364
0.999098
1.02982
0.911455
1.05795
1.03876
0.908264
1.35591
1.04953
0.940789
1.01426
1.09286
1.07699
0.926469
1.54205
1.22304
1.42252
1.27811
2.13376
1.04715
0.953056
0.863659
1.26222
1.33498
1.66141
2.07133
1.48148
1.61831
1.71941
1.51177
1.47544
1.31833
0.726211
0.659885
1.20617
1.06764
1.58781
1.3385
0.683553
2.16149e-006
0.658534
0.73381
0.930747
1.22149
0.829783
0.745888
0.923175
1.27867
1.05567
1.14248
1.46872
0.789347
1.02943
2.22687e-006
0.636451
0.720823
0.964914
1.52851
2.02195
1.7693
1.75909
1.41899
0.802337
1.79592
1.34146
1.4927
1.52447
1.12581
1.76499
1.20177
0.484806
1.1153
1.02431
1.17138
0.900147
0.500426
0.678564
1.06069
1.19994
0.800394
1.8588
2.10729
0.273478
1.02149
0.732811
1.17598
1.07029
1.51129
1.39397
0.648418
1.25785
0.870928
0.716964
1.33805
1.54602
1.43501
1.68779
1.10508
1.30043
1.08384
0.682145
0.694313
0.80676
0.755081
1.706
1.47051
0.771017
1.25133
1.54866
1.42563
1.54244
0.84152
0.773351
1.9531
1.71634
1.08587
0.953373
1.15647
1.17865
1.25489
1.20389
1.14885
1.43745
1.82215
1.32541
0.583855
0.579199
0.790003
1.38927
1.1747
0.797134
0.96407
1.01864
1.22755
1.28229
0.904635
0.855232
0.821574
1.45817
0.90533
0.565887
1.01857
1.55228
0.820645
1.02493
1.31629
1.49395
1.24675
1.28301
1.76498
0.621139
0.598915
1.32876
1.0453
0.69528
1.11526
0.916974
0.728373
1.07186
1.25653
1.46179
1.09378
0.725716
0.883244
1.3073
1.64743
1.2267
1.31479
0.99688
0.663917
0.836765
1.24653
1.29005
1.35899
1.44643
1.54472
0.990802
1.04181
0.910704
0.608382
1.07449
1.01252
0.860243
0.603704
0.958408
0.774392
0.858221
0.571042
0.917158
1.26582
1.00604
0.747243
0.977275
1.40815
0.89553
1.12576
1.91647
1.6573
1.16487
0.637064
1.20314
1.58052
1.94688
1.62616
1.60259
1.62439
2.00747
1.68998
1.20314
0.586397
1.02534
1.56972
1.55556
0.887894
0.67184
0.985913
1.60577
1.72196
1.07763
0.708284
0.639378
1.35492
1.92141
0.782763
0.662552
0.673935
0.597609
0.76039
0.714195
0.587399
1.37541
0.691345
0.685581
1.06202
1.07155
1.35145
1.30352
1.39265
1.39672
0.557693
1.10049
1.45009
1.49329
0.885621
1.25352
1.12445
0.832562
0.769717
0.975743
0.896399
1.27228
0.636649
1.07546
1.2016
1.99183
1.2147
1.60584
1.03598
0.488017
0.886634
0.989738
1.06797
1.49506
1.09561
0.690132
1.23003
0.719743
1.04066
0.87176
0.953941
1.03054
2.07232
1.60054
1.56442
1.9858
1.93504
0.718244
1.05115
2.33989
2.04604
1.04189
1.09009
1.61334
0.908361
1.05283
1.25636
2.15767
1.97317
1.60255
1.87447
1.1985
0.958924
1.98108
2.20033
2.20033
1.9381
1.0869
0.553518
0.577765
1.09565
0.801434
0.872442
1.03207
0.983887
0.690768
1.85667
1.99453
0.680771
2.10269
0.711888
1.36041
1.813
2.19984
1.26224
0.616451
0.468732
1.44193
0.556125
0.692368
1.417
1.07223
1.34651
2.23362
1.58618
1.29956
1.02724
1.05193
1.39427
1.04982
1.77423
1.40988
1.0932
1.2848
1.54758
1.43135
2.10645
1.25252
0.812945
0.766081
1.54397
1.07466
1.24195
1.78
2.15977
1.06356
0.72784
1.12159
0.985208
1.41241
1.69272
1.61701
1.89987
1.72826
1.39988
1.19541
0.74381
0.710865
1.10189
0.820806
0.597166
0.726736
0.754912
0.910707
1.36601
1.78441
2.10057
1.77208
0.801362
0.748041
1.29129
1.50293
1.28227
1.06882
1.52788
1.4804
1.01642
1.14157
1.20621
0.978036
1.20315
1.20315
1.00254
1.28732
1.38557
1.37806
0.798945
0.621364
0.849883
0.964914
1.20052
1.38184
1.11748
0.656785
0.75752
1.69679
1.51262
1.63767
1.0764
0.748183
1.12281
0.726212
2.2603e-006
2.22736e-006
2.17316e-006
0.782785
1.2815
0.890263
1.1425
1.18332
0.861061
1.07231
1.29962
1.21425
1.13114
1.14826
0.928534
0.989683
1.55458
1.49237
0.699024
1.07136
1.9701
1.67607
1.07527
0.987797
0.912867
0.781301
0.817149
0.415343
1.49618
1.0103
1.02448
0.639828
0.973314
0.920723
0.963897
0.885909
0.756894
0.804142
1.04318
0.698773
0.949355
1.09398
0.83114
1.14933
1.35646
0.906552
0.431001
1.1413
1.61915
1.22887
0.876908
0.695257
0.907539
0.815846
1.03799
1.39584
1.31429
1.40333
1.04243
0.71504
1.0819
0.741886
0.720698
0.4659
1.01857
1.55228
1.55227
1.45494
0.897363
0.683911
0.584964
0.741539
0.742171
0.939716
1.49261
1.49381
1.43988
1.69322
2.02938
1.08502
1.53742
1.21967
1.67476
1.46896
0.8683
1.19468
1.18016
0.666166
0.837275
1.00958
0.691815
1.27137
1.09113
0.818213
1.48491
1.62909
1.13088
1.25094
1.26566
0.913779
0.793274
0.92263
1.36861
1.02413
1.7035
1.06174
1.46498
1.77422
1.42058
1.14727
1.05145
1.12198
0.769049
0.522296
0.938839
1.32282
0.914861
0.882162
0.98641
0.949019
1.11772
1.09183
0.584128
1.09045
1.02791
0.993087
0.947868
0.783693
0.688114
1.04372
1.54302
1.32452
1.16876
1.96376
1.72527
1.20925
1.91953
2.04344
1.83661
2.02016
1.65976
1.09738
0.622213
0.670031
1.10478
1.80834
1.28122
1.35626
1.71349
1.08898
1.28928
1.28928
1.28928
1.22826
1.36858
1.59735
0.571023
1.08845
0.66678
2.13698e-006
0.571019
1.02761
1.00397
0.680086
0.671332
0.792274
1.02835
1.27709
1.83933
2.06737
1.71428
1.44603
0.887416
0.556949
2.22687e-006
0.685576
0.825267
0.717023
0.691559
1.36303
1.78368
1.75045
1.10122
1.341
1.81691
1.69519
1.62076
0.960454
0.888423
0.850452
1.2091
1.11381
0.961114
0.949333
1.17225
1.1302
1.17876
0.872985
0.727504
0.861519
1.02506
1.22585
1.24239
1.59477
1.22263
1.15444
0.561834
0.477159
1.38899
1.39313
1.25265
1.38145
1.42143
0.59576
0.660701
0.775744
1.16803
1.0682
0.849976
2.18382
2.15495
1.44332
0.959781
0.937699
1.72799
2.24225
1.76516
1.0966
1.5981
1.61317
0.768633
0.427712
0.666979
0.673051
0.664081
0.881963
1.06244
1.19418
1.09181
1.14835
0.930052
0.933331
0.505807
0.933823
0.643517
0.824587
0.399904
0.915448
0.942697
1.48123
2.1375
1.71023
1.26278
1.20098
2.04145
2.07572
2.00472
1.64068
0.824176
0.426674
0.560301
0.629639
1.50986
1.9772
0.819935
0.515718
0.499683
0.857288
1.49109
1.36819
1.59175
1.54888
2.04318
1.18142
1.205
1.18299
1.53112
1.46056
1.14083
0.864324
0.7291
0.999042
1.88893
0.785326
0.871223
0.836502
1.5902
1.34163
0.741357
1.05699
1.31213
1.48523
1.302
1.08938
0.690866
0.585674
0.95588
0.926877
1.39404
0.389168
0.517985
0.639517
0.893812
0.836954
0.712858
2.13702
1.71684
1.51465
1.50386
1.01354
1.44578
1.78075
1.52602
1.27977
1.47506
1.53154
1.77934
1.73749
1.40317
1.51177
1.51177
1.43491
0.694277
1.42387
0.670182
1.02004
1.11775
1.22562
0.659885
1.18847
1.51177
1.18601
0.911921
0.928858
1.37782
1.28722
1.42812
1.73863
1.47723
1.46558
1.66911
1.03757
0.620868
0.757949
1.02371
0.849468
0.858958
0.88939
1.31937
1.02018
0.639907
1.28626
0.831745
0.714834
1.24018
1.64801
1.458
0.953022
0.735665
1.37438
1.07206
1.1269
1.44314
1.03891
0.650434
0.887503
0.70388
1.78167
1.53505
1.26183
1.31223
1.73343
1.25452
1.09219
1.01295
0.905574
0.642519
0.580775
0.569904
0.922507
0.859874
0.812867
0.942371
1.28005
1.45884
1.14485
1.50909
1.68334
1.28555
0.825105
0.951812
1.68467
1.78542
1.21763
0.860388
1.03018
1.04542
1.67934
1.38942
1.13695
1.24076
0.835233
0.768192
1.15983
1.30271
1.55227
1.55227
1.47928
0.574917
0.930503
1.2647
1.25159
0.502026
0.968924
0.666161
1.03025
0.550049
0.810529
0.584954
0.705828
0.964773
1.55273
1.52556
0.678133
0.74349
1.36906
1.00872
0.8045
0.98757
0.783475
1.18573
0.674477
1.20075
1.8382
1.11229
0.942237
0.912872
1.33047
0.584948
0.603754
0.915921
0.854464
1.2626
0.675409
1.0788
1.08944
1.15876
0.879322
0.887659
0.293689
1.36595
0.605094
1.43739
1.22596
0.659693
1.51123
0.635705
0.83575
0.913524
0.629764
0.566558
0.628282
0.606138
0.867527
1.2967
1.36218
1.59321
1.46951
0.758587
0.657383
1.36734
0.974125
1.05956
0.986102
1.46402
0.554219
0.339904
1.46614
1.71294
1.94612
1.74259
1.07064
1.09146
1.17526
1.28928
1.28928
1.28927
1.35626
1.71348
1.10629
0.628884
2.37569e-006
2.37569e-006
0.556942
0.807946
1.2756
0.887416
0.556952
2.29824e-006
0.650191
1.28928
1.25384
1.32762
1.70845
1.04932
0.643527
0.686719
1.89972
1.39007
1.52066
2.31445
1.69013
0.91629
1.91899
1.64529
1.65347
1.92028
0.973476
0.798602
0.696862
0.855453
1.04571
0.54719
1.38624
0.660454
1.00291
0.572988
0.900222
1.22322
0.99489
1.55143
1.62399
1.6897
1.35545
0.860789
1.07182
1.01729
1.96754
2.11437
1.73857
1.83421
1.55352
0.626657
0.655687
0.915391
1.41765
1.45351
1.39628
1.04993
1.08773
1.03392
1.08181
1.09335
0.991901
0.764766
0.861528
1.02286
0.925268
1.00602
0.962817
1.4114
1.0514
1.03105
1.53783
1.17045
1.28274
2.10629
2.05882
1.50231
1.03588
1.15691
1.19001
1.14399
0.617535
0.664082
0.902286
0.553519
0.539017
1.09663
0.868181
0.651788
1.20345
0.768633
0.432484
0.614055
0.588705
1.15691
1.18138
0.531096
0.909945
0.933505
0.547117
1.34199
2.04891
0.608433
1.42683
1.31304
1.03041
1.27995
1.78958
2.42109
0.685683
1.33904
1.6382
1.57036
0.917782
1.46017
0.730149
0.737015
1.03285
1.07385
2.24441
1.85648
0.577905
0.986985
1.17923
0.795521
1.03632
1.17936
1.45203
1.32821
0.884474
0.743808
1.60758
0.910393
0.621328
0.468864
0.592734
0.681871
0.611812
1.24757
1.12894
1.13708
1.29177
1.30971
1.76797
1.63119
0.763031
0.58363
0.817805
1.20703
1.13382
1.60922
1.34481
1.90365
2.00905
1.66257
0.618857
0.582451
0.86192
1.3272
1.52581
1.78074
1.74433
1.45543
0.945248
0.659884
1.19932
0.78555
0.829784
1.51177
1.47183
1.38557
1.37806
1.42253
0.999447
1.35128
0.726209
2.28949e-006
0.636428
0.969976
0.945249
0.659884
1.19932
0.962975
1.23683
0.896951
1.0605
1.25856
1.33327
1.00144
0.576556
1.22844
1.54043
1.47157
1.3441
1.1155
0.959863
1.5095
1.91233
1.52721
0.972937
0.984835
0.56809
1.33964
1.33874
1.69429
1.79725
1.81017
1.62278
1.15698
1.56966
1.02698
1.40871
0.936389
1.02023
0.874126
0.779455
0.61171
1.79966
1.39683
0.711316
0.71371
0.722185
0.783407
1.11146
0.618085
1.20832
1.00887
1.15642
1.85771
0.797079
0.877397
1.15602
0.643048
1.05221
0.754888
1.08737
1.40146
1.03179
1.55257
1.1327
1.04934
1.08607
0.823292
1.26544
1.24582
0.848374
1.12198
1.21688
0.73908
0.73718
1.04057
0.444657
0.495077
2.33575e-006
2.4381e-006
1.10574
1.24076
1.21295
0.699885
0.617303
1.39702
0.762434
2.28949e-006
0.666142
0.742153
0.811739
0.776493
0.4364
2.00349e-006
1.20484
1.51373
1.47511
1.45504
1.84702e-006
0.70147
1.20368
0.973033
1.70867
1.73263
0.507427
0.789806
0.951301
0.704249
1.10328
0.462542
1.0146
0.89771
1.6289
1.69295
1.70867
1.86707
1.68124
1.88662
2.13301
1.57105
0.933331
0.833532
0.878356
0.879121
0.649558
0.833988
1.35438
0.71925
1.43542
1.17035
0.988774
0.69492
1.22031
1.60316
1.11577
0.596913
0.813848
0.996466
1.49769
1.26258
1.01251
1.00679
1.51934
1.25892
1.51268
2.13294
2.0975
1.704
1.60971
0.72359
1.07594
1.03421
0.81836
0.364826
1.69329e-006
2.2605e-006
2.28125e-006
2.281e-006
2.36615e-006
2.37569e-006
0.685577
0.836524
1.22481
0.779576
2.33575e-006
2.4381e-006
2.4381e-006
2.4381e-006
2.31298e-006
0.569054
0.813379
1.63941
0.734702
0.59309
0.660977
1.07143
1.20142
1.06097
0.733484
0.480664
1.19548
1.09763
0.85922
1.07143
1.19899
0.867971
1.37898
0.903851
1.10376
1.94888
1.1907
0.792051
0.633997
1.75395
0.850625
0.749332
1.25651
1.07865
1.07325
0.480661
0.734701
1.13123
1.75034
2.05753
1.9851
1.50557
0.996369
1.78161
1.59834
0.777512
0.724662
1.19713
1.40317
1.14152
0.715319
1.98609
0.685579
0.715831
0.763182
0.788793
0.974273
1.16111
1.08694
1.27938
1.07016
1.33043
1.14245
0.661974
0.604039
0.592038
1.26928
0.991765
0.526403
0.497259
1.17438
0.818071
0.579504
0.838583
1.23203
1.00338
1.69329e-006
2.2605e-006
2.28125e-006
2.281e-006
2.36615e-006
2.37569e-006
0.609627
0.697141
1.16397
0.515626
0.539023
0.76863
0.437534
2.4381e-006
2.31298e-006
0.446933
0.668073
1.35743
0.609833
0.463798
0.526223
0.949115
0.583863
0.758275
0.602321
0.656287
0.79941
0.582845
0.461331
0.992105
1.05048
0.724593
1.06823
0.813614
0.977717
0.781102
1.02076
1.49098
1.25464
1.37514
1.05345
0.856521
1.06962
0.814338
0.625536
0.60932
0.609831
0.768873
0.799735
1.97947
2.16414
2.16282
2.17914
0.862631
0.893103
1.2018
1.2347
1.40507
1.02837
1.27601
1.03548
0.426712
0.61074
0.648568
0.648679
0.705403
0.752814
1.24843
1.7778
1.54825
1.35599
1.44215
1.24859
1.03841
1.38211
1.36149
1.01345
0.637324
0.692293
0.613907
0.982657
2.21235
1.87486
1.83421
1.22769
0.657051
1.69329e-006
2.2605e-006
2.28125e-006
2.281e-006
2.36615e-006
2.37569e-006
0.829781
1.12926
0.636446
2.25979e-006
0.829784
1.12925
0.636443
2.4381e-006
2.31298e-006
1.58283
1.12343
0.757877
2.37569e-006
2.30951e-006
0.636454
0.720819
0.523464
1.43006
1.32665
0.788512
0.707754
1.28281
1.42036
1.44725
0.524204
1.15239
1.09663
1.51177
0.747117
1.07621
0.912259
1.17072
0.768447
0.826156
1.07072
1.1263
0.981448
0.659885
1.19932
0.785548
2.22029e-006
0.636456
0.974493
1.03359
1.08271
1.47583
1.84869
0.597448
1.25718
0.669148
1.5809
1.24656
1.77849
1.51508
1.80825
1.46899
0.72155
0.64824
0.590989
0.969979
0.828612
1.12613
1.11218
0.804941
0.890272
1.431
1.04326
1.43186
1.75474
1.20405
1.07212
1.12367
1.43841
1.75025
1.80193
1.49934
0.981777
0.760829
0.989718
0.375077
1.69329e-006
2.2605e-006
0.737184
1.175
1.32821
1.55227
1.55227
1.55227
1.51592
0.823551
2.25979e-006
0.691816
1.24947
1.32295
1.44992
1.05752
0.727825
0.895479
1.0893
0.774094
1.08123
0.613245
1.49885
1.30271
1.54363
1.34807
1.55227
1.52828
0.968397
1.02434
1.40333
0.90533
0.666104
0.974419
1.07889
0.8771
1.63216
1.30673
0.991675
0.735857
1.14757
0.823629
1.17499
0.905332
0.666246
2.20107e-006
2.22029e-006
0.736724
1.80188
0.940417
2.22533e-006
0.923425
1.2333
0.88607
1.1463
1.55745
1.3002
1.27614
1.70738
1.72425
1.33977
0.913595
0.945289
0.968644
0.702397
1.12809
0.847938
0.66362
0.3589
0.85331
1.49034
1.68225
1.84372
1.20273
1.44897
1.6036
1.59428
1.53415
1.70033
0.714586
0.732939
0.982751
0.682759
0.879781
1.56651
1.92216
0.930048
0.910661
0.714195
0.569054
0.815661
0.621629
0.72181
0.569054
0.893571
0.910664
1.28928
1.28928
1.24927
1.11237
0.598468
0.567564
0.965185
0.628882
1.77259
1.84311
1.0222
1.62182
2.08377
1.65107
1.45439
1.19347
1.1621
1.28928
1.28928
1.28928
0.714197
1.67679e-006
1.73668e-006
1.8182e-006
0.650191
0.980399
1.22184
1.66375
1.20218
1.24183
0.664395
1.20276
1.50855
0.532502
0.531616
2.20107e-006
2.22029e-006
0.587398
1.37539
0.691316
2.22533e-006
2.10803e-006
0.728971
0.89452
1.94707
1.34971
1.34312
2.045
1.70012
0.590988
1.02613
0.656404
0.975799
0.556949
1.05167
1.13515
0.572326
1.69331
1.28284
0.834238
1.61871
1.6315
0.903147
0.673142
1.14464
0.812716
0.995364
0.973176
1.17447
1.50006
1.35952
1.35254
1.61899
1.57434
1.51106
1.44764
0.857936
0.796449
0.653827
0.608294
0.712647
0.816965
0.785717
0.446933
0.750341
0.804471
1.14394
1.23961
1.19247
1.02789
0.619685
0.920191
1.00498
0.766427
0.567526
0.907665
0.72255
1.75517
2.18042
1.67124
1.4329
1.69929
1.62299
1.23961
1.23322
1.20538
0.709404
0.76863
0.437534
0.515918
0.658329
1.22949
1.20436
1.65826
1.62204
0.667544
1.18211
0.824674
1.22559
1.72186
1.25389
0.61406
1.20313
0.882673
0.978256
0.556124
2.22533e-006
0.437534
0.789532
0.60898
0.640723
1.37406
1.2314
2.26824
2.29895
1.71996
0.967516
0.592583
0.544649
0.793403
0.982777
1.14753
0.387731
0.995019
0.925391
1.19554
1.51918
1.26998
0.899107
1.48528
0.715739
0.685649
0.851539
0.582199
1.00909
1.20905
1.47123
1.36085
0.976486
0.940131
0.673423
1.74017
1.87271
1.60187
1.3434
0.979274
1.15044
1.81785
1.5158
0.667358
0.808175
1.42049
1.37806
1.51177
1.47183
1.38557
1.3434
1.36906
1.30608
1.47699
2.03289
1.85918
2.024
2.23745
1.77513
1.75033
1.75542
1.39373
1.08375
1.51176
1.47389
1.2745
1.40553
1.12925
0.636443
0.797549
1.58807
1.39201
0.867374
1.04664
0.961398
0.315115
0.679634
0.676682
1.29829
0.935957
1.36326
1.40817
1.51177
1.12926
0.636446
2.22655e-006
2.22533e-006
0.636444
1.10348
0.808825
0.794556
1.77954
1.42178
1.57822
0.787329
0.768634
0.552782
0.969978
0.785129
1.51176
1.35676
0.776711
0.716591
0.868018
0.945403
1.34637
1.4781
0.769604
1.12708
0.678732
1.20874
1.05004
1.03333
0.722739
0.917062
1.32825
1.1035
1.09335
1.31919
0.974394
0.660902
0.580325
1.05133
1.37178
1.13316
1.23105
1.66249
1.24974
1.29944
1.53624
1.0787
0.697878
0.725336
1.01849
1.26908
1.55332
1.32685
1.11728
1.47092
1.78084
1.46282
0.870892
0.994767
1.62104
1.53091
1.329
1.07365
1.1021
1.7683
1.48849
1.39648
1.20526
0.455192
0.584963
0.702363
0.489967
1.35763
1.61269
1.13741
0.774379
0.947316
0.802454
0.868935
1.33939
1.31111
1.13454
1.76096
1.24641
1.06877
0.922402
0.922036
0.828721
1.01473
0.916317
0.651061
1.22096
1.36202
2.00409
1.51749
1.2096
1.38932
1.14359
0.846291
0.837279
1.17653
1.28487
1.61301
1.23866
0.676065
1.4869
0.921712
0.794183
1.08452
1.02681
1.02182
1.28984
0.683207
1.13672
1.37954
1.01759
0.91353
1.29678
1.47401
1.41433
0.663193
0.88098
0.787526
0.775915
0.919558
1.06329
0.673882
1.64502
1.98815
1.28868
1.5382
2.3161
2.3035
1.89367
2.1729
1.74259
1.14191
1.58399
2.02015
1.70452
1.70872
1.24954
1.51595
2.27034
2.12262
1.79921
2.04101
1.72614
1.73174
2.07369
1.44857
1.11856
0.826215
0.880324
1.03379
0.979364
0.761097
1.74249
1.3088
1.41502
0.973202
0.668509
0.746217
0.965999
0.833379
1.04047
0.805185
2.06757
2.09369
2.03538
1.66553
0.713682
0.748528
1.29511
1.12985
1.11389
1.06686
1.31347
0.976761
1.14394
2.02736
1.03991
0.537221
1.07786
0.689601
1.08975
1.37635
1.73918
1.58665
1.94126
1.8059
1.28008
1.1977
0.870253
0.817352
1.10056
1.53544
1.82817
1.9045
0.953368
1.43197
1.76084
1.7114
1.6531
2.28755
1.80634
0.957231
1.23933
1.03001
0.6382
0.903584
1.80054
1.90142
2.20029
2.17747
1.18929
1.20315
1.28571
1.97391
2.17601
2.20033
2.10629
2.1563
2.17601
2.24225
1.68219
0.795063
1.92813
2.21093
2.1921
2.06091
2.06761
2.31273
1.71052
1.76981
2.18053
1.46832
1.32893
1.74707
1.25814
0.982983
1.1513
2.14215
1.60715
1.01444
0.774248
0.778925
1.0755
0.450886
1.51174
0.995891
1.28324
1.63029
2.04058
1.60985
0.808071
0.732979
1.01828
1.05108
1.35052
0.706877
0.61046
0.716552
1.07081
0.856816
0.800896
1.48122
0.622722
0.718621
0.490482
0.52444
0.979929
1.31515
1.79144
1.76244
1.55627
1.20543
0.848545
1.40832
1.31191
1.11
1.06087
1.37023
1.27373
0.770586
1.54382
1.57029
1.31654
0.713835
0.69637
0.824825
1.29724
1.69789
1.11187
1.00561
0.530821
2.01901
1.77172
1.43274
1.43726
0.864462
1.08031
1.77934
1.45023
1.21482
1.44591
1.78074
1.78074
1.78074
1.78074
1.78075
1.69354
2.05013
1.77172
1.44872
1.52574
1.90206
1.48004
1.46698
1.7694
1.74303
1.7737
1.7762
1.72827
1.7505
1.44984
0.435438
0.431358
0.855599
0.703473
0.928482
1.12746
0.599439
1.0632
0.728649
1.01604
1.24666
1.16786
1.27348
1.68428
1.95716
1.27143
1.27585
1.27999
1.63691
1.38809
0.758667
0.799811
0.784928
1.51799
1.76541
0.702803
0.637291
0.858958
2.07213e-006
0.659888
1.25923
1.3459
1.35013
1.51896
2.29826
0.883511
1.64152
0.884197
0.902798
0.791603
1.32227
1.28927
1.25493
1.08139
0.798692
0.693239
1.12953
0.94796
0.908746
0.853581
0.938762
0.920387
1.05452
0.758076
0.503423
1.03777
2.14734
1.95864
1.836
1.7686
1.49245
1.70697
2.03703
1.53954
1.52323
1.71509
2.35126
2.11096
1.78238
1.836
1.91604
2.11096
1.78238
1.836
1.7589
1.7987
2.01211
1.46481
1.29654
1.69131
2.22209
2.20834
1.60936
0.812981
0.870381
0.848467
0.391339
0.965711
0.76242
1.09755
0.633014
0.973152
0.811388
0.726796
0.712718
1.16161
1.10595
1.40569
1.2521
1.71518
1.80246
1.39732
1.24778
1.19494
1.72251
1.28872
0.904971
1.38942
0.907819
0.854372
1.35892
0.967322
1.13347
0.853392
0.430897
0.844519
1.18336
1.47645
1.4823
1.67826
1.28694
1.24179
1.43165
0.632346
0.702036
0.677328
0.547174
1.06012
0.622154
0.665527
0.802023
0.555247
1.1764
1.25887
1.08335
1.06853
0.950602
0.721151
0.470391
1.1574
1.15669
1.2074
1.95706
2.08212
1.91906
1.78213
1.71587
1.96537
1.89397
2.07922
1.99436
1.9637
1.94612
1.76502
2.11473
2.14237
1.94612
2.1729
2.1729
2.17289
2.12224
1.74385
1.72308
2.0711
2.08841
1.96337
2.01692
2.00629
1.78023
1.76153
0.72738
0.863672
1.12381
1.43055
1.16612
0.666081
1.19521
1.24002
0.936502
1.58422
2.19669
1.04125
0.925641
0.78333
1.13051
0.874237
1.23915
1.87084
1.87579
2.11131
2.07393
2.16799
1.83165
0.76863
1.04832
1.54185
1.69936
0.953517
0.797234
0.734311
1.02518
0.808961
1.24487
1.57098
2.00124
2.33898
1.75098
0.747247
1.32587
1.38739
0.765916
1.49914
1.23948
0.752567
1.14284
0.95705
1.1639
1.83064
1.98009
1.82517
1.80756
1.71328
1.24567
1.2642
1.46001
1.57899
1.62506
1.3024
1.00951
1.331
1.33227
1.2914
1.25516
1.31033
1.28935
1.34086
1.31157
1.1609
1.16234
1.24806
1.35547
1.20974
1.16596
1.35582
1.35505
1.34672
1.33942
1.29917
1.26923
1.42354
1.47439
1.38298
1.38973
1.37211
1.23076
1.01147
0.790604
1.23146
1.57957
1.02875
1.00149
1.12362
1.17212
1.08348
1.05691
1.13779
1.26083
1.13087
1.16898
1.08268
1.00125
0.742687
1.14672
1.31123
1.30622
1.34761
1.24514
1.22494
1.32502
1.28001
1.2047
1.1769
1.04648
1.17398
0.993488
1.10008
1.32666
1.15965
1.35077
1.30972
1.34048
1.3996
1.70158
0.82818
0.91347
1.09003
1.07168
1.2438
1.27756
1.21028
1.16193
1.31651
1.38243
1.05844
0.882815
0.919876
1.31622
1.30524
1.20574
1.10547
0.951855
0.929255
0.719582
0.549407
1.15715
1.50337
1.50625
1.50968
1.51084
1.5177
1.5177
1.5177
1.51666
1.50306
1.5033
1.51152
1.50331
1.5069
1.49293
1.51783
1.517
1.5072
1.5108
1.49914
1.49799
1.49931
1.49888
1.50292
1.49975
1.49959
1.48817
1.4822
1.28648
0.979945
1.24796
1.47308
1.48618
1.49908
1.51079
1.49896
1.49112
1.49486
1.50527
1.50253
1.50212
1.50399
1.45905
1.30963
1.46202
1.49774
1.49263
1.50801
1.48663
1.50975
1.50773
1.50114
1.50031
1.50033
1.50608
1.50202
1.50561
1.50267
1.5058
1.49099
1.49309
1.49171
1.48868
1.46311
1.30648
1.20273
1.49277
1.49023
1.50527
1.49132
1.50002
1.50068
1.49705
1.49683
1.48153
1.47674
1.44139
1.43544
1.46991
1.49447
1.494
1.46774
1.46122
1.4687
1.45092
0.759494
