0.883797
1.05657
1.10809
1.10359
0.622357
1.01413
1.47791
1.05414
1.82035
1.03029
0.602605
1.99521
0.589855
0.84781
0.919308
2.06516
0.895298
0.964244
1.04252
1.60908
1.25869
1.22327
1.10034
2.14393
0.991323
0.658026
0.919904
1.11553
0.929701
1.12403
0.504617
1.58802
1.69228
0.984854
1.32323
1.62504
0.826417
1.2592
1.08034
1.03479
0.822057
1.00923
1.47395
1.1151
1.23124
0.649913
1.16035
1.08011
1.45881
1.3995
1.23043
1.38724
0.922029
1.24463
1.03871
1.55581
0.861015
1.42363
0.788534
0.574928
1.80906
1.16587
1.71538
1.05086
0.797677
0.76051
1.27725
1.04932
0.936641
1.07967
1.17841
1.07276
1.02425
1.11917
1.25143
0.883245
1.67527
1.00937
0.938033
1.30139
1.00926
0.996092
1.33611
1.25171
1.0662
1.1436
1.41967
0.790195
1.14434
1.65636
1.07263
0.788102
1.19073
1.18509
1.36269
1.31266
0.653765
0.699585
0.480703
0.85649
1.05757
1.2349
0.631112
0.783235
0.66212
0.824271
0.46502
0.779435
0.508347
0.855757
0.814897
0.306182
1.02802
0.84161
0.959238
0.574647
1.55598
1.81818
1.55355
1.07571
1.51289
1.56867
1.29766
1.08627
1.51912
1.33434
1.19102
1.10246
1.38393
1.17954
1.86771
0.873838
1.91696
1.07899
1.89061
1.22373
1.43584
1.54069
1.14067
1.13361
0.784688
1.70657
0.9971
1.27737
1.45835
1.33885
1.35899
1.52088
0.911872
1.21713
1.55579
1.91037
0.900183
1.53036
0.921858
1.13147
1.17825
1.19205
2.08552
0.887121
1.07817
1.2368
1.30184
1.35316
1.29355
1.06391
1.07526
1.16876
1.06492
1.29605
1.15258
1.44678
1.16436
1.59306
1.30519
0.970697
1.41578
1.41189
0.854641
1.33184
0.833986
1.03052
0.700764
1.21031
1.10885
2.30218e-007
1.06617
0.714197
0.617535
0.829783
1.0815
0.711057
0.599861
0.525215
0.941742
2.0719
1.58712
0.669998
0.483396
1.15706
0.828489
1.99651
1.99533
1.10578
1.742
1.24264
1.04876
1.19153
1.17841
0.942324
1.59832
1.16677
0.968687
1.31257
1.34672
1.35469
1.30559
0.95837
1.2464
0.892797
1.41406
0.965215
1.31391
1.14319
1.06983
0.784006
1.17003
1.12224
1.09928
1.04745
1.55247
0.918989
0.596738
0.992031
1.67498
0.747629
1.77327
1.27523
1.25992
1.00624
1.60624
1.01579
0.942027
0.791268
1.19039
1.13443
0.85247
0.973736
1.23711
0.908408
1.0902
1.62472
1.24314
1.11803
0.938353
0.781251
1.91094
1.38763
1.22487
1.53667
0.81815
0.939823
1.82782
1.59334
0.925733
1.42239
0.653178
0.72744
1.06599
1.13681
0.847336
2.48546e-007
0.611137
0.341206
0.922082
1.15463
0.738538
0.567565
0.530801
1.12926
0.773376
1.40073
1.97364
1.35075
0.572253
0.789785
1.65503
1.82103
1.45448
1.38222
1.42107
1.22512
1.06224
1.25875
0.931517
1.12675
1.48915
1.30285
1.1479
1.47643
1.04121
1.69605
1.16559
1.56134
1.34294
1.49285
1.38092
0.879568
1.57926
1.36108
1.13776
1.00067
1.95261
1.11735
1.64964
1.12098
1.34766
1.27908
0.953748
1.06202
1.38225
1.38026
1.07882
0.891172
1.70038
0.997302
0.795904
1.30437
1.23824
0.805011
1.15259
0.960247
1.36666
1.37085
0.981998
1.21393
1.02868
1.00909
1.04848
1.23577
0.998175
0.807858
1.07964
1.47276
1.39373
1.06883
0.836255
1.06845
1.31878
1.06132
0.5881
1.04797
0.9453
1.32923
0.796873
1.81652
0.475772
1.34019
1.27006
0.848476
1.4253
0.651879
0.84234
0.931748
0.860204
0.636444
0.918008
1.14357
1.60152
1.19074
0.879576
1.85592
1.73734
1.35509
1.25385
1.29779
1.50569
1.20463
1.52937
1.123
0.89261
0.966439
1.39175
1.35529
1.01564
0.896492
1.17998
1.27685
0.867987
1.4122
1.21864
1.5109
1.04462
1.00607
1.5059
1.45557
1.28707
1.30362
1.73656
1.11476
1.04228
1.3417
0.99665
1.04306
1.46964
1.11773
1.19016
0.811625
1.78942
0.646986
1.41358
1.43938
1.59804
0.677467
1.55079
1.73849
1.10936
0.851887
1.14297
0.808133
1.61068
1.28913
1.28562
1.00591
1.07767
1.28592
1.1558
1.49522
0.842588
1.43435
1.00369
0.897983
0.557428
1.34099
1.96514
0.633424
0.69907
0.856745
2.0716
1.06494
0.729675
1.95136
0.843106
0.784192
1.38537
0.809253
0.783717
0.794745
0.679048
1.20736
0.511711
2.85648e-007
0.67117
1.11162
0.7645
1.09794
1.66326
1.97846
0.844647
0.961101
1.63376
1.20791
1.12244
1.25982
1.35161
1.18336
1.09729
0.921774
1.08206
1.50559
1.49225
1.23235
1.23846
1.53301
0.839639
1.4523
1.69744
1.80456
1.14499
1.20634
1.73416
1.70689
1.34958
1.10442
1.0409
1.1843
1.8224
1.16724
1.37349
0.979091
1.32539
1.1557
1.44744
0.826214
0.918558
1.19492
1.70327
1.25226
1.50687
0.81583
1.19301
1.11568
1.22722
1.23526
1.21897
0.948972
1.23198
0.952629
0.890019
1.19969
1.45968
0.875626
0.96339
1.8456
0.785663
1.43728
1.03958
0.856861
0.658851
1.50227
0.706091
1.21472
1.0252
0.803256
1.2207
1.20962
0.980021
0.938729
1.08049
0.945012
0.843797
0.967462
0.716596
0.5961
0.763651
0.956344
0.581576
0.657458
0.849927
0.721464
1.57975
1.62272
1.14944
1.67348
1.05623
0.915038
1.91544
1.0703
1.28081
0.971446
1.36623
1.57434
0.855798
1.26293
1.39505
1.36047
1.72355
1.01749
1.48702
0.941841
1.68202
0.809185
0.633021
0.968987
1.49906
1.14212
0.705095
1.78645
1.59396
1.34016
1.23177
1.13768
1.47685
1.33632
1.15822
1.44239
1.26423
0.832466
1.4038
1.44962
1.44672
1.20163
0.967351
0.911502
1.86862
1.31852
1.00641
1.14398
1.3872
0.924446
1.18342
1.27574
1.21809
1.12149
1.34289
1.09259
1.23472
0.844605
1.48981
1.82298
1.12073
1.47197
1.26231
1.51173
0.858091
1.27048
0.871887
1.08449
1.13118
0.918439
0.874432
0.663062
1.35697
0.874108
0.813557
1.79802
1.01942
1.35385
0.685024
0.850003
0.94625
1.04048
1.09413
0.783018
0.801358
1.27883
1.83571
1.39342
1.32039
1.71848
1.23703
1.60195
2.26122
1.35471
1.36565
1.18109
1.45572
1.11791
0.997133
1.34666
1.38413
1.4591
1.60258
0.79255
1.09781
1.389
1.78936
1.43503
0.732735
0.956397
1.76033
1.04451
1.19514
0.817456
1.32368
0.954112
1.55067
1.02068
0.811659
1.91739
1.45731
1.12944
1.02856
1.27661
1.36715
0.809946
1.00166
0.762726
1.33208
1.11217
1.36958
0.991738
1.82397
1.57025
1.36117
0.994801
1.08682
0.780674
1.43537
1.41639
1.27317
0.938297
1.01701
1.22715
1.14669
1.34233
1.07837
1.48497
1.0625
1.848
0.957322
1.53344
1.1414
1.16158
1.02999
1.40619
1.61246
1.24859
1.09973
1.13174
0.897657
0.459334
1.01535
1.17782
0.724114
0.50705
0.63553
1.18906
1.83358
0.607847
1.92551
1.68008
1.38864
0.784032
1.21177
1.05609
1.07674
1.48374
1.93899
1.39406
1.40746
0.932977
1.45047
1.34458
1.48857
0.681413
1.13288
1.16577
1.04715
1.68435
1.4249
0.703301
0.786264
1.03299
0.699953
0.878637
1.20989
1.25915
1.51078
1.63928
0.778471
1.17662
1.14723
1.20522
1.12863
1.11685
1.39642
1.77581
1.29135
0.992899
1.32854
1.13479
0.974671
1.01515
1.16401
1.127
0.92079
1.25094
0.872003
1.01159
2.10958
0.770936
1.36711
1.29559
0.904101
0.937545
1.3747
0.907418
0.975299
1.16088
1.67377
0.829813
1.19765
1.50837
0.95521
0.852181
0.60065
1.61168
1.43116
1.60189
0.791435
0.965563
1.61695
1.20735
1.3094
1.30747
1.06297
1.06161
0.431271
1.15718
0.952353
0.734601
1.2399
1.19159
0.821499
1.7877
2.25487
0.732637
1.35312
1.59122
1.27976
1.16437
1.34243
1.31259
2.02616
1.24729
1.83575
0.76888
1.63607
1.38501
1.16923
0.922432
1.18732
1.57082
1.56712
0.853653
1.13318
1.31109
1.45478
1.30548
0.888932
1.64409
0.689267
0.972126
0.814397
1.0652
1.62395
0.884551
1.21802
1.29884
1.002
1.27699
1.44126
1.44278
1.60742
1.34991
1.73073
1.19637
1.22357
1.15111
1.52967
1.24388
1.28065
1.07431
0.944429
1.46561
1.5654
1.12747
2.0772
0.954384
1.43841
0.958683
1.24231
0.960113
0.939281
1.00644
1.98811
2.02867
1.24715
1.49501
1.10595
0.507948
0.768388
1.00325
1.4384
1.08744
1.44879
1.50619
1.7995
0.937129
0.944094
1.13753
0.582593
1.15164
0.554923
1.59817
0.820463
0.661588
0.970886
0.813184
1.68368
1.61652
1.51909
1.27104
1.39369
1.2778
1.3323
1.09251
1.10746
1.04789
1.48733
1.29735
1.6198
0.95381
1.32319
1.10216
0.851131
0.725328
1.26972
1.35519
1.63356
1.81998
1.67729
1.40873
1.27705
0.584666
0.78746
2.07657
1.23532
1.49093
0.613722
1.49681
1.11365
1.43464
0.981205
1.18784
1.38942
1.0362
0.962059
1.53084
0.778514
1.31009
1.44092
1.29431
1.03638
1.07426
0.866814
1.02302
1.38489
0.979078
1.33254
1.00028
1.1857
0.857577
1.5266
1.08924
1.08584
1.20821
1.45893
1.2128
2.32622
1.44477
1.5674
1.24009
1.15198
1.37419
1.33639
1.13964
0.914536
0.732433
1.70505
0.854353
0.878274
0.566969
2.02206
1.26551
1.08452
1.02818
1.27546
0.891281
1.2353
1.34902
1.05297
0.909446
1.06416
1.87615
2.36624
1.0655
1.29957
1.55838
1.64262
1.42815
1.19004
1.60832
1.07345
1.35586
1.44774
1.5063
0.82537
1.5873
0.8436
1.29937
0.558243
1.27309
0.808136
1.93189
2.15936
1.84532
1.47308
2.02806
1.49358
0.739002
1.04842
2.12184
2.13695
1.74853
1.86432
1.48853
1.329
0.928513
1.70147
0.711284
1.7959
1.25124
0.774379
1.44817
1.11479
0.989252
1.07305
1.35054
1.91274
0.665222
1.55811
1.61949
1.11667
1.15544
1.23043
0.976729
1.90243
1.25288
1.93352
1.55022
1.75067
1.16166
1.87392
0.796932
1.23031
1.10863
1.13009
1.57089
1.08493
1.2924
0.988619
0.994294
0.868271
1.1734
1.20039
0.775213
1.05694
0.773793
0.739027
1.08261
1.61581
0.79725
1.8424
0.411837
0.799464
1.14022
0.744556
0.9054
1.72116
1.77001
1.38634
1.04449
1.47001
0.833166
1.34784
1.48218
0.909342
1.66328
1.30833
1.16284
1.37513
1.34637
0.979475
0.830492
0.717399
1.5311
1.06593
1.29074
1.34284
2.04213
1.77671
1.85409
1.40166
2.12457
1.72387
0.679909
0.89515
1.81409
1.67003
1.80856
1.65457
1.32054
1.53233
1.47299
1.09393
1.46432
1.09555
2.03323
1.28535
1.23929
1.11961
1.26044
0.904909
0.945009
1.39602
1.54033
1.09066
1.02296
1.20535
1.2898
1.19904
1.45907
1.02094
1.15638
1.53305
1.16232
1.16397
0.937883
2.05829
1.02817
1.35065
0.701532
1.02348
0.938467
1.63297
1.35577
0.868599
1.45107
1.04753
0.865051
1.37532
0.858228
0.742895
0.549007
0.710838
0.932645
1.25403
1.46411
1.1711
1.31033
1.06779
1.29583
1.24202
1.83416
1.20306
1.22765
1.49318
1.28388
1.3866
0.884174
1.24777
1.20351
1.35132
1.05429
0.926257
1.1518
1.59254
1.13501
1.25274
1.14354
0.865529
0.557219
1.55292
0.842071
1.06164
1.58138
1.48845
2.19645
2.0604
1.84493
2.07768
0.70932
1.34785
0.991323
1.37013
1.72678
1.75558
1.20664
1.94062
2.01299
1.65308
1.58012
1.34173
0.922597
1.8312
1.8485
0.899784
1.16066
0.895726
1.25037
1.29763
1.14719
1.44339
1.29815
1.29278
1.21781
1.12562
1.26552
1.10251
0.721485
1.12854
0.968005
1.42937
0.868735
1.26258
1.07643
0.952652
1.35803
1.1918
1.18018
1.21883
1.43248
0.973602
1.4176
0.696234
0.888332
0.942319
0.607525
0.889072
0.905972
1.19939
1.23409
0.853524
1.18691
1.72976
0.948597
1.03343
1.42887
1.70799
1.52864
0.883864
1.22967
1.52535
1.1453
1.32466
0.908607
1.28004
1.63128
1.18224
1.08294
0.610287
1.19561
1.33134
0.945699
1.21695
1.18155
0.810615
0.96399
0.988116
1.34208
0.618697
2.17962
2.43011
2.12819
1.82116
1.35486
1.34631
1.45693
0.931186
1.08912
1.21181
1.36133
1.83871
1.46988
1.37433
1.32791
2.04999
0.945639
1.68977
0.991212
1.08677
0.998527
1.22725
1.72174
1.24751
0.861566
0.826144
1.21009
1.20989
0.849695
1.25203
1.35136
1.25739
1.62134
1.28691
0.973617
1.12146
1.30779
1.40145
1.24671
1.38857
1.34791
0.978797
1.08495
1.13128
1.02365
1.06682
1.50626
0.97143
0.690413
0.936844
1.17633
1.06065
0.508732
0.749564
0.781752
1.22754
1.13949
0.911068
0.898072
1.21922
0.53195
1.40505
1.87449
0.992456
0.990083
1.03691
1.19831
1.74258
1.21822
1.28879
1.17965
1.49589
1.80288
1.12052
1.30155
1.18472
0.966863
0.982132
1.22893
1.37624
1.71142
0.492458
1.18863
0.920123
1.10323
0.576473
2.2132
2.17758
1.99831
1.48229
1.28716
1.24189
1.05666
0.803053
1.88393
1.04414
1.02448
1.68227
1.51642
1.73793
1.6006
1.96998
2.19398
1.05426
1.32974
1.07751
1.04386
1.43323
1.114
1.73556
1.22112
0.85058
1.26833
1.48657
0.935849
1.89465
1.03991
1.43674
1.43213
1.59543
1.43818
0.868678
1.34741
1.15476
1.14141
1.05057
1.34967
1.5293
1.27905
1.4027
1.15835
1.0722
1.48855
0.846238
0.730192
0.820879
1.56834
1.35396
0.942767
1.00925
0.913914
1.14814
0.874526
0.912798
0.895903
0.850116
1.65322
1.90171
1.13916
0.97926
1.02813
1.2491
1.5014
1.66439
1.28767
1.4993
1.41112
1.27032
1.97004
1.25649
1.07023
1.74192
0.933364
1.6248
1.0255
1.41313
1.6362
0.552051
1.07442
1.4284
0.811233
0.690977
2.15703
2.20408
1.94867
1.36052
1.20177
0.935615
1.30096
0.77031
1.22323
0.894188
1.16521
2.10839
1.29082
1.68092
1.76475
1.81515
2.20477
1.35196
1.39399
0.803468
1.02827
1.51584
1.07121
1.01532
1.20742
1.71335
1.39503
1.39079
1.11564
1.52096
0.861665
1.35128
1.33447
1.3623
1.29835
1.36847
1.04993
0.830904
1.15985
0.774184
0.955091
1.20243
1.14707
1.50442
1.14273
1.04581
1.48624
0.98052
0.868176
0.827704
0.868242
0.709525
1.44438
0.813589
0.886421
1.39594
0.907625
1.034
1.03405
1.92197
1.93506
1.06331
1.20416
1.22439
1.61644
1.27001
1.69078
1.94661
1.27269
1.49236
0.833823
1.3222
1.38651
1.23869
0.701623
1.2552
1.19608
0.902239
0.900152
1.53593
1.63001
1.202
0.921262
1.40911
1.22621
1.21917
2.01839
2.14136
1.83261
1.71669
0.747954
1.82035
1.62629
0.637097
1.15744
1.33266
1.10125
1.94461
1.86414
2.40538
1.90021
2.07624
1.97894
2.12219
1.19432
1.0693
1.29351
1.25647
1.19332
1.13919
1.13341
1.60746
1.45375
1.37226
1.8115
1.28785
1.21728
1.2327
1.37646
1.52373
1.74297
1.57905
1.09186
1.12421
0.935862
1.42479
0.667783
1.19452
1.32338
0.950343
1.20088
1.06681
1.49668
1.22141
0.640875
0.697124
0.912739
1.2437
0.778667
1.24326
0.686195
1.27608
1.10447
0.656777
1.89722
1.89866
1.18859
1.79663
1.13679
0.98337
1.39333
1.62389
1.62197
1.65308
1.38631
1.12935
1.01746
1.52524
1.30458
1.18299
0.75735
1.03888
1.1606
1.13965
1.33991
1.35944
0.974969
1.4805
0.611016
1.69546
0.943967
1.60145
2.16072
2.10117
1.67465
1.54658
1.77699
1.87143
1.87906
0.725725
1.37117
1.7594
1.2366
2.02764
1.85069
2.38973
1.88331
1.79753
1.82676
2.38774
0.796609
1.48729
1.03581
1.34257
1.11628
1.06549
1.96732
0.969099
1.33128
1.06888
0.824407
1.41501
0.882215
0.805128
1.05199
1.4311
1.09408
1.28478
1.53945
1.72434
1.17177
1.28877
1.41225
0.802392
1.80882
0.98642
1.25013
1.14214
1.48544
1.19982
0.810842
0.854445
0.804201
0.782898
0.879367
1.0131
0.914831
0.812254
1.09457
1.62372
1.64327
1.606
1.20495
1.26258
1.1519
1.25907
1.37542
1.30955
1.50128
1.30933
1.53938
1.34416
1.11477
1.79641
1.17909
0.727443
0.894458
0.991154
1.04419
1.10646
1.11571
1.18744
1.00141
1.22496
1.16589
1.62216
0.902474
1.98656
2.20784
1.60072
1.6301
1.38902
1.22114
0.852307
1.47414
1.44548
1.23254
1.40543
1.56636
1.62993
2.04847
2.16535
2.10693
1.82765
1.92732
2.2809
1.68226
1.48926
0.637868
1.99119
1.31834
1.1954
1.38934
1.23801
1.09898
1.22241
0.867404
1.45837
1.38727
1.45491
0.881254
1.38091
0.920178
0.838927
1.15902
2.08638
1.07495
1.45194
1.44818
1.1882
1.47811
1.31096
1.08986
1.02871
1.45069
0.812186
0.92211
1.23474
0.686806
1.53629
1.5085
1.24917
0.89378
0.98052
1.9856
1.67544
0.697676
1.29425
1.40652
1.19543
1.65789
1.00261
1.21345
1.5251
1.61125
1.02844
1.32946
1.0185
1.01054
1.60466
1.313
1.16456
0.543899
1.65027
0.925717
1.41464
1.69309
1.27464
1.02436
0.98129
1.62832
1.41167
1.04636
2.18721
2.07953
1.48329
0.876117
1.00771
1.8219
1.36632
1.59222
1.26903
0.995669
1.15751
1.37577
1.48715
1.68938
2.03987
1.98065
1.86453
2.23258
2.04928
1.75184
1.31755
0.826749
1.32931
1.05912
1.38653
1.52265
1.26766
1.0791
1.27463
1.40306
0.825216
1.10335
1.1756
1.19117
0.965063
1.37622
1.05344
1.06379
1.59806
0.957007
1.48527
1.45852
1.43049
0.633276
0.808049
1.31734
1.16613
1.46277
0.903174
0.55095
0.77546
0.665469
1.41539
1.19318
0.987503
0.982413
1.78929
1.29106
0.79219
1.05178
1.35535
1.17641
0.971168
1.69156
0.965574
1.16995
1.39299
1.25839
1.05287
1.31434
1.1125
0.950637
1.2632
1.10463
0.975943
0.479423
1.13641
0.680023
1.12436
0.943963
1.65008
1.23633
1.43131
1.87534
1.13562
1.64341
1.71349
1.36101
1.4237
1.06971
1.44507
1.33928
1.71193
1.76015
0.982788
1.2426
1.13574
0.963569
1.18537
1.79662
2.27933
2.08161
1.51872
2.28892
1.79991
1.79745
1.16476
1.16532
1.30268
0.824767
1.29783
1.28471
1.9124
1.12733
0.950218
1.09587
1.54124
1.32131
1.00048
1.33706
0.873009
1.21014
1.07254
0.931722
1.41321
1.77222
0.96939
0.899127
1.81538
0.813627
1.09927
0.8595
1.55681
1.42837
1.18641
0.849406
0.535933
0.860829
1.47397
0.905351
0.981458
1.6871
1.57062
0.644168
1.25969
1.0455
1.38606
0.886462
1.25818
1.2522
1.2149
1.17236
1.41477
0.795333
1.03207
1.11306
1.13608
1.48288
0.592099
0.508891
0.740374
0.768644
0.879139
0.956837
1.22629
1.00683
1.9083
0.878092
1.92491
1.89711
1.04874
1.29381
0.804803
0.503729
0.72185
1.62661
1.16968
1.04963
0.660552
1.30963
1.6306
2.06188
1.24787
1.40267
1.51132
1.72114
1.65923
1.63674
1.38607
2.01507
1.6516
1.71407
1.05861
1.26137
1.07848
1.26521
1.06042
1.26894
1.10049
0.981277
1.56058
1.36583
0.826966
1.24431
0.86849
1.52869
1.55503
0.965248
0.63775
0.960695
1.19685
0.9191
1.03366
0.98361
1.27207
0.831355
1.33579
1.0774
1.52408
1.45526
0.996935
1.0268
0.966682
0.984774
0.923145
1.05707
1.61784
1.31573
1.51809
1.23084
1.14377
1.2486
1.32727
1.44647
1.38635
1.02322
1.75081
1.48357
1.44702
0.564906
1.1046
1.53268
1.17543
1.30304
0.658304
0.950014
1.61497
1.03924
1.09899
0.971033
0.789974
0.770675
1.5091
1.0412
1.86699
1.72538
0.820143
0.891347
1.59605
0.865398
0.634684
1.4978
1.08002
0.364598
0.568467
1.69687
1.40368
1.00472
0.666521
1.92688
1.51018
1.58048
1.58628
1.45882
1.67773
1.80381
2.3117
1.86655
0.750078
1.47976
1.12388
1.15267
0.886656
2.13469
1.73041
0.721552
1.42403
2.09493
1.1508
1.08519
0.886996
1.4256
1.58869
1.23711
0.613212
1.35559
1.46222
1.07795
1.35703
0.990619
0.929019
0.887809
1.36745
0.810758
1.27487
1.46253
1.20632
0.747136
0.680736
0.886993
0.944231
1.63833
1.27002
1.0108
1.40588
1.15756
1.1461
1.53305
1.88584
1.15917
1.1063
0.953427
1.32515
1.23554
0.911415
1.16694
0.752642
1.6303
0.738541
2.33282
0.683107
1.20388
1.33138
1.18807
1.38453
1.02887
0.819186
1.16388
1.35126
1.09059
1.54507
0.861243
1.56921
1.40545
1.35003
0.888467
1.0319
1.42785
1.34494
1.32411
0.654328
1.78069
1.41026
1.35358
0.884219
1.57886
1.33313
1.22575
2.0001
1.42231
1.79955
2.27021
1.95635
1.66395
1.5436
1.30472
1.39433
1.5139
1.37018
1.08434
1.62875
1.33435
0.875995
1.23934
0.451028
0.994015
0.955323
1.01923
1.4397
1.11206
0.925011
1.33834
1.45161
1.22594
0.921498
1.44986
1.05521
1.04238
0.79343
0.823766
1.12647
1.49288
1.35309
0.738015
0.991056
1.01763
1.64872
1.10722
0.86711
1.28135
1.32328
1.3924
1.5061
1.39331
1.19847
0.628157
1.76112
1.27097
0.999937
0.866891
0.939871
0.92665
1.76742
1.79012
1.84166
2.03388
1.45123
1.12972
0.764068
1.08411
0.849643
0.936161
0.655633
1.07514
0.801326
1.22293
1.5999
1.1077
2.29112
2.10868
1.16957
1.09961
1.51908
0.759345
1.21335
1.03437
0.835551
1.811
1.51028
0.949682
1.32389
1.11144
0.922442
1.40001
1.85095
0.978512
1.84368
2.03031
1.88348
1.58755
1.90978
1.56485
1.32518
1.16217
1.5342
1.05074
1.28136
1.31444
1.41025
0.984746
1.03276
1.22576
1.36098
1.05456
0.992991
1.04517
1.52465
1.27289
1.03341
1.29926
0.968184
1.24149
1.20181
0.970731
0.832001
1.21782
0.776722
1.46922
0.954576
0.879161
1.10801
1.76624
1.22858
0.465084
1.74599
1.71952
0.990159
1.1273
1.4652
1.17491
1.08512
1.07576
1.51453
0.985665
1.73546
1.40269
1.55019
1.90461
2.09885
1.00458
1.89776
1.57825
1.21931
0.817834
0.955921
0.625359
0.956667
1.0612
1.33885
0.794337
0.87764
2.09763
1.65181
1.69369
1.69015
1.75246
1.75677
0.997105
1.5762
1.15354
1.00287
0.910667
0.87852
1.44214
1.29427
0.923434
0.728189
0.589094
1.29228
1.71189
2.07606
1.51705
1.81628
1.93036
2.4892
1.55905
1.54743
1.91315
1.43645
1.21878
1.09533
1.29927
1.53612
0.965104
1.76397
1.30162
1.30794
1.27045
1.00972
0.887734
1.06707
1.23524
1.23622
1.26046
1.01763
1.30723
1.72001
1.27421
1.85618
0.762843
1.15502
1.34612
1.14321
1.42023
0.979292
1.18736
1.78902
1.16297
1.24872
1.14227
1.95438
1.19531
0.906018
1.63635
1.1167
1.58067
1.25238
1.16092
1.6026
1.70321
1.54005
0.942346
1.58093
2.1784
2.33985
0.737256
1.10097
1.22318
0.840038
0.732823
1.24584
0.790825
0.95675
0.864641
1.37158
1.14369
1.08477
1.82538
1.63217
1.42888
1.39782
1.71596
1.01401
1.40204
0.791185
1.00298
0.602134
0.890739
1.55528
1.16364
1.56365
0.977701
0.998814
0.715444
1.28533
0.958961
0.955005
2.23246
1.95193
1.65062
2.16628
1.79913
1.42362
1.82901
1.46863
1.48993
1.35561
0.830836
1.9105
0.840684
1.63935
1.65864
1.38264
0.913771
1.19477
0.65425
1.61911
0.895343
1.4105
1.00577
1.31739
0.946393
1.32031
0.830169
1.47436
0.872104
0.893167
1.25108
1.37605
1.41534
1.30942
2.04027
1.24995
1.01067
1.35757
1.34122
1.83152
1.23907
1.58432
1.10598
1.3078
0.967471
0.70795
1.66037
1.43628
1.55268
0.826499
1.15341
0.998484
1.06533
1.03445
0.799162
0.742687
0.678477
1.68606
0.629172
1.21106
0.890258
1.58241
1.35563
0.664498
0.76705
1.36568
1.6538
1.67505
2.03472
1.92507
0.724004
1.32806
1.50724
1.27786
0.970994
0.973651
1.16739
1.93281
1.2562
1.66187
1.10867
1.06156
1.27928
1.18212
0.795003
0.582954
2.13148
2.2557
1.61458
2.04989
2.07352
1.75456
1.64105
1.33053
0.859605
1.86205
1.05288
1.51443
1.21914
1.60213
1.43613
1.39946
1.35393
1.29591
0.55097
1.64991
0.766561
0.954603
1.04758
1.35805
0.909261
1.17027
0.792512
0.946195
0.793862
0.425609
0.829571
1.02931
1.45229
1.29849
1.26703
0.888746
1.75669
1.12321
1.47798
1.48461
0.98694
1.4844
1.29642
1.06486
1.37743
2.42039
1.3805
1.20824
2.01616
0.496192
0.760603
0.575435
1.03209
0.722108
0.628043
0.803645
0.897876
1.16782
1.01961
1.04779
1.17411
1.34992
0.987509
0.325121
0.581979
2.61757
1.60246
1.0233
2.04812
1.9565
0.940581
1.18042
1.67397
1.26639
1.60815
0.62265
0.775283
1.07151
1.62523
1.62597
1.21392
0.644796
1.49457
1.07726
0.998314
1.69207
1.58061
1.95703
1.85767
2.13765
1.74607
1.41546
1.71516
2.07171
1.33987
2.02959
0.976123
1.00589
0.928462
1.28642
0.910199
1.13362
1.06326
1.1511
1.21851
1.35556
1.44788
1.15644
0.999155
1.41876
0.907641
0.976764
1.14127
1.21779
0.891217
0.832204
1.16671
1.38329
1.49955
1.03794
1.24225
1.46225
1.09514
1.25598
1.22225
1.21273
1.09752
0.712034
1.0523
1.14091
1.41867
2.44882
0.927382
1.27519
1.11697
0.979215
0.907548
1.16236
2.05838
0.624251
1.07552
0.645718
0.915508
0.641086
0.620048
1.16766
1.45551
1.03543
0.794185
0.767591
0.713393
2.45952
1.74927
0.836636
1.31711
1.8225
1.07584
1.37029
1.67394
1.22676
1.71567
2.16624
1.35347
1.38856
0.687516
1.13704
1.67377
0.489834
0.783905
1.42595
0.945181
1.00259
0.842766
1.16741
2.08901
2.24691
1.23239
1.1237
2.11383
1.9788
0.996285
1.44895
1.18339
1.0053
1.00904
0.763646
1.11086
0.861485
0.99341
1.06772
1.1741
0.592973
1.27849
1.65507
1.27654
1.35947
1.17938
1.35641
0.881557
1.08366
1.23092
1.10557
1.56113
1.0882
1.47744
1.14356
1.00691
1.00941
0.955261
2.0348
0.971267
1.54216
1.5398
1.04655
0.673517
1.38419
0.967126
2.10014
0.881968
1.46485
1.43362
2.36992
1.18082
0.878448
1.74539
1.33148
0.615298
0.775507
1.06265
1.46103
0.780999
2.02112
1.58362
1.63749
0.85178
1.52402
2.10019
2.50829
1.86676
1.08708
0.915808
1.55951
1.94638
0.983527
1.72759
0.584735
1.51135
1.68793
1.59823
2.04421
1.23952
1.17917
1.55182
0.573476
1.2525
0.971308
0.628841
1.14255
0.883982
0.973752
1.61089
2.4235
1.13989
1.09303
2.05013
1.61197
0.699514
1.05977
1.39571
1.35503
1.11587
0.702657
1.64546
1.45855
1.37049
1.02387
1.92915
1.04326
1.16627
1.33506
1.18316
1.06167
1.03646
1.47351
0.883023
1.16799
1.19945
1.06715
1.23625
0.788557
1.43903
1.15518
1.01683
1.60452
1.05688
1.42496
1.22044
1.54659
0.614797
0.907845
1.76524
1.62686
2.23945
1.16063
1.35012
0.862525
0.882356
2.15795
1.3436
1.44813
1.73284
0.822779
0.5494
0.410916
1.54079
2.17558
1.34068
1.40074
1.54401
2.12278
0.975792
1.19012
1.81036
2.24236
1.88327
1.25149
1.57899
0.816646
1.98896
0.922326
1.76883
0.650369
0.581949
1.91353
1.18312
2.47362
1.27981
1.4707
1.6644
1.03288
0.888837
0.460587
0.947565
1.73083
0.752483
1.45355
1.44595
1.94819
1.39719
1.17213
1.79995
0.959443
1.07229
0.686714
1.0702
1.41277
1.24303
1.06797
1.45584
0.85826
1.16818
1.14689
1.20652
1.84015
1.11418
1.17075
1.23101
1.25066
1.4082
1.01906
0.769422
1.05928
1.00846
1.2186
1.33083
0.994894
1.43696
1.15535
0.832955
1.59915
0.959179
1.12268
1.37891
1.71889
0.672798
1.15092
1.95246
1.832
1.81688
0.499157
0.651561
0.774362
1.08113
2.34194
2.01664
1.25877
1.93561
0.74973
0.852974
0.953162
0.966269
0.667892
0.824096
1.69302
1.26074
1.0319
1.20702
1.04198
1.62192
1.54168
2.09488
1.69619
1.83773
1.43218
1.88248
0.733637
1.64057
0.670492
0.898971
0.941571
1.36279
2.18294
0.87369
1.44689
1.55939
1.40497
1.15852
1.48105
1.40965
1.27086
0.94775
1.61517
1.35636
1.59321
1.66725
1.47038
1.70844
0.863391
0.877773
1.60911
1.29073
0.868985
1.08079
1.07533
1.21879
1.034
1.09313
1.02829
1.11114
1.12012
1.08749
1.00335
1.20112
1.07619
1.08055
1.22002
0.719535
1.12083
0.754693
1.06136
0.940278
0.920568
1.471
1.19658
0.972457
1.11997
0.867595
1.73084
1.21197
1.21088
1.07336
1.46996
1.56475
2.17119
1.65444
1.24399
0.722226
0.699892
1.20155
2.22849
1.48731
1.0384
0.840918
1.29323
0.858126
0.870768
1.09025
1.02681
0.941434
0.367518
1.58321
1.05962
1.172
2.11289
1.6441
1.53462
2.33006
1.66752
1.23196
1.29022
1.00001
0.864098
0.973805
1.127
1.07696
0.703179
0.854634
0.913877
1.20066
1.56973
1.78589
1.18163
0.960345
1.45982
0.736667
0.960388
1.21239
0.963581
1.67207
1.06221
1.18227
1.74621
1.81824
0.716332
0.962934
1.37412
1.34355
0.838377
0.587124
1.04691
1.48889
1.54673
1.53749
0.794837
1.32856
1.10083
0.870706
1.62313
1.13352
1.33336
0.881028
1.65266
0.987443
1.37287
1.15337
1.33004
0.803368
1.20875
1.49386
1.20276
1.08818
1.18828
2.01002
1.71504
0.948389
0.704236
1.05239
1.43955
1.52045
1.76419
1.39454
1.20281
1.02797
1.57611
1.36033
1.74887
0.563081
0.91516
1.85733
1.03926
0.705112
0.547437
0.937234
0.669789
1.13631
0.639091
1.2951
0.944407
1.0349
2.24641
1.78483
2.05
2.13149
1.54059
1.32673
1.13305
0.91578
0.889613
0.791517
1.24454
1.37141
0.811915
0.838831
1.14262
0.76758
1.18194
1.40627
0.976053
1.09016
1.1923
1.12793
1.00899
0.99828
1.07419
2.08473
1.41529
1.37865
1.6479
1.63165
1.51248
1.19612
1.15629
0.937039
1.1896
0.759206
1.84086
1.15778
1.57285
1.42446
0.915306
1.5154
1.41329
1.0213
1.4081
0.77071
1.13727
0.792971
1.06574
0.730036
1.12463
0.873518
1.1245
1.14288
1.21174
1.44519
1.21491
1.29701
1.92062
1.43343
1.41022
0.980913
1.6616
1.09058
1.40463
1.88033
1.74635
1.47445
0.767206
1.08325
1.50134
1.33076
0.93242
0.685813
1.02121
1.23828
0.771732
1.23848
0.657838
1.38221
1.03894
0.87366
1.42685
0.535847
0.777884
0.780719
2.15654
1.967
1.94196
1.37217
1.33795
1.34426
0.834305
0.672834
1.02211
1.13738
1.24632
0.754869
0.605811
0.971812
0.790153
0.360251
1.40077
1.31538
1.44337
0.661709
0.901563
1.12784
0.818611
1.03046
1.33616
1.90406
1.71079
1.54681
1.57906
1.44808
1.47468
0.997925
1.25412
0.951214
1.31981
0.703675
1.36812
1.46709
1.71463
0.963409
1.18599
0.966862
0.693471
0.629991
1.06923
1.02733
1.12076
1.26185
0.836542
0.976727
1.22818
0.838348
1.04391
1.18273
1.1052
1.49493
1.18297
1.86611
1.87087
1.01566
1.13013
1.44489
1.20256
0.754766
1.28409
1.94253
1.99698
2.23734
1.63284
1.03926
1.08497
1.91219
0.978224
1.07234
0.531032
0.696491
0.730766
0.922082
1.15226
1.35544
0.968993
1.65057
0.751378
0.974763
0.481918
1.14004
1.59612
2.1748
2.24794
1.49907
1.08918
1.00491
1.29758
0.982036
1.06264
1.47431
1.0922
0.421202
0.666617
0.636279
1.64737
1.28879
0.590609
1.07759
1.50625
1.34933
0.817301
1.38433
1.27655
1.08671
1.12494
1.18566
1.05186
2.17052
1.38289
1.34407
1.43596
1.10323
1.27297
1.1986
1.60294
0.793022
1.0156
0.979971
1.05243
1.28528
1.18148
1.06079
0.945054
1.02057
0.995684
0.970934
0.818018
1.08306
0.867919
0.879232
1.0658
1.19013
0.875028
0.952503
1.19883
1.46395
1.17566
1.73021
1.83154
1.18622
0.746727
1.72743
1.22009
0.833063
1.07807
1.35283
2.17979
2.20386
1.59306
0.561417
1.40972
0.891938
0.927339
1.14668
1.30582
2.17297
0.797817
0.90235
0.600693
1.46176
1.46731
1.64263
0.550312
1.33764
0.698256
0.621706
1.68286
1.61123
1.99853
1.87994
1.3897
1.18734
2.17384
1.56023
0.87397
1.46313
0.819972
1.80409
1.07547
1.09022
1.028
1.1925
0.775389
0.485789
1.33754
1.95176
1.11323
1.04965
1.47444
1.26523
0.731317
1.27139
1.37181
1.8555
0.840187
1.03031
1.45651
1.11613
1.57635
1.28701
1.27453
1.12217
1.12172
1.08653
0.856013
0.842767
0.649525
1.38808
0.964969
0.871585
0.82351
0.860259
0.785689
0.685375
0.860793
1.53305
1.01456
1.03326
1.27475
0.957229
0.978753
1.48819
1.15412
1.04447
1.62445
0.932275
1.00178
1.45001
1.13733
1.15964
1.05806
0.460541
1.81964
1.98249
1.51767
1.02217
0.875997
0.606926
1.72415
1.96016
1.62122
2.01312
0.517273
0.932043
0.632921
0.989083
0.976616
1.71405
0.349984
0.910949
1.83923
0.954032
0.83351
0.688437
1.81345
1.73603
1.58052
0.702439
1.74958
0.730926
1.43453
0.662929
1.43328
1.78152
1.25271
0.928007
1.53688
1.96805
1.63645
1.10882
1.14376
1.78361
1.30204
1.45736
1.75147
1.20678
0.855751
1.13329
1.52457
1.60755
0.883691
1.2387
1.45027
1.58532
0.956531
1.18221
1.41945
1.04097
0.982265
1.20316
0.804747
0.824863
1.04325
0.87465
1.28594
1.19171
1.21595
1.41118
1.04462
1.97276
1.57463
1.43439
0.814308
0.851209
0.831569
0.927056
0.762834
1.46073
1.20569
0.658889
1.37757
1.22643
0.735792
1.14449
0.999737
1.97963
0.96226
0.795329
1.13141
1.94385
1.53497
0.691629
1.42278
1.19172
1.8216
1.5917
2.06081
1.84899
0.806594
1.35943
1.28473
0.809303
1.01214
0.80058
0.854502
1.16267
1.38422
0.434225
0.750414
1.52206
0.750762
0.851421
1.84115
0.914025
0.640458
1.22909
1.34485
1.08125
1.20879
0.6586
1.6959
1.45308
1.39706
1.77806
1.19664
1.90405
1.16697
1.49027
1.81546
1.09784
1.41803
1.33702
0.659725
0.871069
1.94686
1.22083
0.722322
1.36286
1.23187
1.00777
1.52723
0.821315
1.68653
0.814675
1.14751
1.15074
1.32786
1.31467
1.52327
1.09274
1.26883
1.2359
1.54724
1.06963
1.47749
1.89427
0.92806
1.04058
1.01468
0.731202
0.627143
1.15453
1.27886
1.4556
1.1874
0.659843
1.28791
1.32258
0.775059
1.35758
1.34636
1.19849
1.19297
1.00478
1.30849
1.47758
1.73388
1.78279
1.05093
2.10493
1.43619
1.34049
1.73147
1.24001
0.418423
1.10346
1.29175
0.634346
0.734027
0.793814
1.11622
1.21787
1.06609
0.434393
0.872178
0.896156
1.25458
1.19228
1.27895
1.76371
1.70836
0.749005
1.28782
1.61685
1.10881
0.553635
1.21138
1.16199
1.5599
0.798341
1.51357
2.19038
1.23834
2.02811
2.09206
1.72897
1.27482
1.16544
0.873188
1.5602
1.88829
0.400007
0.687704
1.27615
1.89551
0.910514
1.57342
0.87263
1.08641
0.703424
1.45318
0.847734
1.90076
1.36062
1.15489
1.06434
0.994003
0.829215
1.18283
0.994413
1.40022
0.862401
1.23936
1.76572
1.4531
1.06476
1.64319
0.851279
1.23067
1.441
1.18496
1.15367
1.22959
1.21513
1.14675
1.27075
1.47362
1.12487
1.18367
0.645433
1.43456
1.11988
1.61565
2.20296
0.842109
0.516427
1.15618
0.974598
1.76593
1.54635
0.595621
0.749328
1.44528
2.0233e-006
0.597217
0.945248
1.16235
0.979829
0.867655
1.83952e-006
0.462113
0.759634
1.48665
1.38939
1.112
1.50108
0.946917
1.10373
1.72031
1.63464
0.541125
0.413735
1.33534
0.895568
1.824
1.03024
1.37787
1.76312
1.55477
2.08103
1.98865
1.94766
1.0626
0.912852
1.22259
1.14182
1.66992
1.86374
0.987176
1.04335
1.70628
0.527456
1.32465
1.63482
0.968495
0.474785
1.22036
0.82554
0.896751
1.45419
0.629278
1.2717
1.05571
0.896417
1.1307
0.934748
1.35904
0.960518
1.35022
1.4242
0.987518
0.80568
0.989557
0.893504
1.37917
1.48034
1.12402
1.11864
1.44808
1.3397
1.04618
1.46918
1.35586
1.56801
1.95092
2.00372
1.54519
1.06974
0.912852
1.65176
0.699822
0.480265
1.85778
0.903631
0.922993
1.66578
0.671646
0.787942
1.18016
1.80207e-006
1.80207e-006
1.80207e-006
1.80207e-006
1.04211
1.00794
0.684684
1.29012
0.803521
0.982459
1.91901
1.20457
0.970763
1.76571
0.782898
1.46661
1.29324
0.964719
0.936779
0.782165
1.32131
0.822651
1.75338
1.44347
1.61218
1.42805
1.69667
1.81017
2.21478
1.40193
1.16682
1.26166
1.81116
1.36667
1.2643
1.5873
1.10046
1.64801
1.01287
1.27758
1.37723
0.690869
0.779027
1.57505
1.04605
0.698855
1.41668
0.732966
0.961025
0.967564
0.822499
0.423102
0.981166
0.853272
1.21823
0.55529
0.729376
1.27187
0.971277
1.45159
0.806315
1.23121
1.50195
1.14468
1.71512
1.42041
1.12568
1.54934
0.603956
1.21674
1.16706
2.08234
1.58493
1.50061
1.12478
1.01015
0.901616
1.11864
1.11285
1.23926
0.729258
1.08021
1.30866
0.92618
1.14864
0.666161
2.03411e-006
2.03411e-006
2.03411e-006
2.03411e-006
0.55787
0.495503
1.52067
0.921503
0.562147
0.816367
1.45416
1.01762
1.32464
1.60826
0.717223
1.33927
1.73273
1.47309
0.793741
1.0207
1.09358
0.74552
1.62478
1.86624
1.43888
1.29564
1.4537
1.87316
2.05818
1.51921
0.741998
0.832521
1.67887
1.84737
0.6119
1.4871
1.04586
1.26095
1.12962
1.51257
0.769303
0.945474
1.14661
0.556529
0.965312
0.75039
0.94462
0.704289
1.08533
1.56346
1.33761
0.644706
1.27137
0.757614
1.21052
1.22998
1.60601
1.42834
0.988969
1.45503
0.591585
1.53562
1.46956
1.17862
0.509552
1.8717
1.18652
1.05755
1.69959
1.77256
2.08619
2.07914
1.22824
1.05315
0.94012
0.485795
1.02178
0.903161
1.89317
1.8368
1.06592
0.963692
0.623738
0.505927
1.51176
2.0602e-006
2.0602e-006
2.0602e-006
2.0602e-006
2.0602e-006
0.734315
0.597895
1.09779
0.829397
2.16828
1.39585
0.87362
1.12197
1.2829
1.43812
1.2504
1.10015
1.73948
1.7549
0.986977
1.38335
0.758974
1.04773
1.16671
1.4563
1.51888
0.875318
1.6016
2.01751
2.06835
1.49852
1.05663
1.11175
1.40302
1.52736
0.939192
1.21181
0.854555
0.962403
0.836354
0.814414
0.8712
0.801291
0.642702
0.91681
0.89792
1.03686
1.10523
0.83053
1.16938
1.04346
0.849765
1.02509
1.37271
1.22344
1.2157
1.11403
0.880908
1.07924
0.739372
1.15995
0.772449
1.13917
1.46977
1.01904
1.66662
1.38156
1.45164
2.09539
2.15592
1.42738
1.69394
0.70162
0.697023
0.394818
1.18275
0.482131
1.46568
0.837498
1.6572
2.0579
2.12237
1.44544
0.839116
1.05582
1.30016
2.0602e-006
0.650191
0.53705
0.829786
2.0602e-006
0.7142
0.581545
1.05128
0.909753
1.93657
1.17031
0.742384
1.31387
1.16811
0.505975
1.72752
0.890228
1.53169
1.8791
0.867429
1.35592
1.40078
1.29183
1.15871
1.32661
1.37343
1.2335
2.12454
1.56539
2.05657
1.26368
1.05305
1.8301
0.855274
1.55516
1.18516
1.08805
1.27997
0.885431
0.926139
0.86218
1.20649
1.32169
0.800219
0.998319
1.10958
0.731753
0.690428
1.17784
0.758179
1.57099
1.11697
1.75687
0.899641
0.97228
1.16069
0.908577
1.06636
0.965554
0.839137
0.745247
0.726425
0.949744
1.4791
0.833728
1.09362
1.23638
2.2474
1.7453
1.81317
1.5249
1.04212
0.952416
0.773896
0.69182
0.887421
0.825358
1.51177
1.26385
1.10597
1.7332
2.01556
1.52608
0.912365
1.05705
0.420948
0.691815
0.887416
0.756033
1.49325
1.96124e-006
1.96124e-006
0.448475
1.68382
1.72494
0.76137
0.780236
1.18282
1.01421
1.663
0.88278
1.33061
1.55423
1.63151
1.80939
1.00413
1.4229
2.09056
1.24248
2.08525
1.73592
1.24749
1.20456
2.10338
1.9214
1.69645
0.578859
1.0736
1.68335
1.01857
1.27052
0.885584
1.00549
1.13174
0.560834
0.657302
1.44119
0.963933
1.26545
1.16601
1.37346
1.03138
0.808656
0.968487
1.31296
0.938637
1.60197
0.951646
1.41062
0.714975
1.33252
0.967739
1.10075
0.801681
1.07246
1.04631
1.1257
1.30512
1.12423
1.44559
1.02153
1.53982
0.887906
1.98967
0.868876
1.79309
1.58169
0.495603
0.38307
0.768024
1.29125
0.55787
0.718558
1.51177
1.32922
1.27194
1.11194
1.58499
1.02761
0.706806
0.730095
1.02183
1.2614
0.551902
1.03432
1.18544
1.94316e-006
1.94316e-006
1.26139
1.35845
1.67046
1.23611
1.01914
1.02647
0.768324
1.20648
1.33838
0.735991
1.73944
1.41016
1.77325
0.832668
0.723332
2.07399
1.4283
2.05308
0.566102
1.61473
1.03565
2.20378
1.87329
1.46193
1.03319
1.13844
1.26921
0.831713
0.935557
0.688646
0.779179
1.6681
0.75651
1.0187
1.2942
1.51179
1.00405
1.35503
1.12275
0.820801
0.849588
0.947794
0.9931
0.775099
1.01434
0.907577
0.937533
0.698335
1.44497
1.08129
1.22863
1.12513
1.15233
0.997558
1.1073
1.40318
0.850284
1.42605
1.15297
2.05604
1.79649
2.05488
0.766426
1.5063
0.535624
1.87989
1.96931
1.57358
1.21671
0.734312
0.685983
1.51176
0.866862
1.18661
0.785622
1.40912
1.44467
1.53875
1.50357
1.06876
0.586051
0.807548
0.782631
1.19759
2.03726e-006
2.03726e-006
0.496746
0.840326
0.822176
0.858482
1.12704
0.962322
1.08952
1.18815
0.823358
1.14812
1.64005
1.52145
2.30748
1.00242
1.05687
1.89379
1.30791
1.64563
1.14004
1.71785
1.37931
2.13271
1.93412
1.52727
1.15654
1.90178
1.21198
1.0089
0.797794
0.795742
1.1619
1.21322
0.81535
0.628896
1.17258
1.17113
1.5623
0.931028
1.55465
0.957097
0.903744
1.33278
1.08587
1.46096
1.28192
0.910961
0.914329
0.925932
1.33447
1.02304
1.16182
1.7723
0.961315
1.05084
0.846135
1.1404
1.26686
1.44128
1.19685
1.64108
1.75312
1.40909
0.893347
0.676665
0.715154
1.91444
2.13328
1.68248
0.889475
0.714197
0.651618
1.24437
1.49828
1.06219
1.23048
0.660355
0.889729
1.70943
1.64592
1.06988
1.09824
1.56084
0.4269
0.408034
0.92189
0.80374
0.536073
1.1666
0.842926
0.975055
0.729621
0.764922
1.05511
1.42755
1.43638
1.1078
0.925244
1.193
1.27318
1.52777
1.24732
1.58019
1.49728
1.37263
1.56886
2.17744
2.4142
2.25337
1.31487
1.3203
1.2468
1.68001
1.16935
0.883108
0.577269
0.891354
1.17851
0.517382
0.882057
1.10838
1.09362
1.10891
0.730635
1.66161
0.822635
1.35196
1.48005
1.20075
0.927056
1.27018
1.73714
1.10212
1.20649
0.901022
1.19169
1.26494
0.842696
1.31749
1.58112
0.985516
1.67664
0.985552
1.35628
1.4756
1.18095
1.06336
1.087
0.791629
1.35029
0.994114
1.69988
1.52242
1.42417
1.06337
0.738564
1.82644e-006
1.15516
1.20219
1.58733
0.929415
1.71972
0.679041
0.857541
1.56883
1.81136
1.53052
0.902882
1.73064
0.773569
0.960292
1.13257
1.00268
0.765287
0.636453
0.738544
0.568152
0.454444
0.661164
1.03544
1.53248
1.12911
0.78462
1.29664
1.41919
1.46256
1.59558
0.630759
0.929134
1.61946
1.67052
1.6262
2.07695
2.03068
1.69258
1.03625
1.77241
1.29301
1.47821
0.569086
1.23402
0.807462
1.434
1.23117
0.755287
1.03382
0.759214
0.74134
1.27952
0.813326
1.32822
1.00411
0.583527
1.20743
1.07783
1.41699
1.53123
1.02845
1.22232
0.911936
1.1155
0.9156
0.767891
0.905021
1.1649
1.30877
1.15963
0.939999
0.765136
1.28734
1.44768
1.20598
0.577769
1.30322
0.66419
1.57908
1.99232
1.39372
1.18203
1.97747
0.564991
0.666162
1.85889e-006
0.907429
0.838214
1.14054
0.613207
0.642725
0.314707
0.831277
1.17681
1.80093
0.918818
1.71908
1.06609
1.80599
0.435695
1.08522
0.694856
0.70658
0.936505
0.817349
1.1842
1.15058
0.994659
1.01133
1.12139
1.83445
1.67263
0.96746
0.909355
0.928968
0.96178
1.0194
1.3586
1.3772
1.43791
1.67975
1.89305
1.7031
1.77856
1.55648
1.33618
1.7442
0.957363
1.19112
1.44089
1.59094
1.13197
1.34227
0.852721
1.35877
0.71457
1.02643
0.966952
1.80355
0.967717
1.44185
0.711365
1.34262
1.29803
1.34295
1.31124
0.89387
0.74747
0.488921
0.833241
1.29653
0.945945
0.737771
0.951437
1.19787
0.717113
0.81186
1.28911
1.1114
1.50127
1.2029
0.597488
1.68532
1.5048
1.59259
2.24004
1.43213
0.563174
1.66442
0.614568
0.784237
0.608519
0.514305
0.856493
2.04659e-006
0.516794
0.416611
1.81471e-006
0.784236
0.727299
2.09782
0.883257
0.801313
0.932343
0.766687
0.793818
1.22052
0.802708
0.6141
1.1286
1.08199
0.639272
1.11894
0.622406
0.917749
0.701515
2.26626
1.93262
1.46382
0.886584
0.929149
1.09048
0.641157
1.05946
1.25764
1.56839
1.18865
2.01591
1.52173
1.77246
1.5035
1.41557
1.71844
0.911054
1.43638
1.10113
1.12603
0.740401
1.23985
0.990102
1.19312
1.00139
0.687383
0.910564
1.18085
2.19475
1.27884
1.16884
1.25135
1.06884
1.1296
1.0307
0.935355
0.980987
1.00011
1.06178
1.83193
1.13473
1.04789
0.994683
0.828257
0.731507
0.901637
0.950574
0.949353
1.49682
1.18052
1.78312
1.97361
1.51778
1.46842
1.90567
1.29129
0.964331
0.845473
1.32723
1.59841
1.21031
1.10094
0.651705
0.93962
0.740428
0.615187
1.89242e-006
1.19419
0.700186
1.01868
0.949016
0.533875
0.847645
0.774056
1.30016
1.07345
0.977275
1.04653
0.945251
1.12728
1.73972
1.66636
1.39776
0.727196
0.689092
1.57607
1.64713
1.51856
2.09985
1.47457
0.875709
1.52302
1.19666
0.843016
1.21109
0.959296
1.69197
1.6314
1.83812
0.750652
1.87517
1.02049
1.25228
1.19613
1.71541
1.0177
0.741271
0.678097
0.974796
0.441127
1.19966
0.682657
0.919977
1.50199
1.52458
1.43762
0.808838
0.89923
0.936037
0.994754
1.04447
1.02543
1.02382
1.24555
1.02035
1.52432
0.757711
0.546832
0.780717
0.850701
0.54169
0.812846
1.01962
0.899485
1.47217
1.2016
1.80067
2.23162
2.01077
1.79468
0.431654
1.26385
0.704071
0.471835
1.76118
1.93456
1.09301
0.838975
1.27285
0.615997
1.28928
1.15916
0.661154
1.53245
1.10001
0.504909
1.12926
0.6564
0.992322
1.81288
0.373432
2.25769e-006
1.28928
1.20315
1.23447
0.90484
1.8328
0.935586
1.9555
1.07221
2.25769e-006
0.463794
1.07627
1.31013
1.7214
1.74061
1.36288
1.76778
1.23511
1.55285
0.974261
1.33739
1.89427
1.61025
0.682226
1.72814
1.43521
1.37781
1.62085
0.795422
1.72259
0.978422
1.53354
1.51975
1.65849
0.654816
1.44525
0.98833
1.58525
1.12249
0.697902
1.33902
0.929508
1.25924
1.116
1.7315
1.33236
0.92381
0.621449
0.963166
0.906168
1.11812
0.884793
0.65441
1.00629
0.969214
1.09435
1.30802
1.24421
1.11894
1.50642
1.1981
1.9631
1.64656
2.10412
1.27323
0.502623
1.34081
1.16122
1.07825
0.758191
1.88408
1.90603
0.545477
0.705591
1.20298
1.24757
1.12974
0.990875
0.491974
1.91816
0.550789
0.636446
0.393612
1.27547
1.03996
0.591924
0.666178
1.20604
1.10931
1.7264
1.06054
1.54045
1.3768
1.86973
1.24815
2.25769e-006
0.525597
0.763553
1.49332
1.08131
1.81553
1.55029
1.54142
0.663579
1.54334
1.63161
0.951999
0.997294
1.2643
1.80523
1.79495
1.3828
1.70313
1.65243
0.716958
1.97888
1.23099
1.67831
1.43046
1.63492
0.774834
1.29339
0.956438
1.44889
1.39248
0.898806
0.58305
0.952934
1.53215
1.02649
1.31172
1.30633
1.42381
1.09071
1.10099
1.12038
1.20962
1.09778
0.740213
1.28868
0.63334
1.19619
1.18154
1.806
0.677485
1.46769
1.18073
1.84126
1.55817
1.47868
1.12313
0.747061
1.49302
2.07092
1.75231
0.812346
1.54936
2.16974
0.74214
0.783228
1.17112
0.62888
0.514304
0.856491
0.81616
1.45933
0.982705
2.00264e-006
0.955561
1.10961
1.39854
0.993664
1.01858
0.834659
0.802437
1.39197
1.0198
1.61326
1.54187
2.15259
1.06442
2.25769e-006
0.515625
0.78324
1.17111
0.686172
1.28692
1.38809
2.09663
1.62773
0.568046
2.00563
1.15067
1.67061
1.78108
1.63324
0.990394
1.61367
0.936337
0.725715
1.02479
2.03155
1.10174
1.73626
1.25449
1.1702
0.649156
0.938649
0.5654
1.16012
1.22248
1.49789
1.70973
0.868806
1.66421
0.774054
0.917601
1.30793
1.41322
0.764322
1.46809
1.12061
1.33664
1.17492
1.13276
0.64598
0.677294
1.3938
1.18733
0.804991
0.955388
1.48767
1.16568
1.17233
1.79144
1.31579
1.30717
1.1823
1.48346
1.61395
2.07378
1.37871
0.465309
1.71229
0.491844
0.894812
0.939623
2.08684e-006
0.577228
0.891172
1.16236
1.23725
1.16229
0.894816
0.939613
0.917674
0.997797
1.28452
1.22895
1.13617
1.31337
1.08654
1.08594
1.79748
1.53117
1.66042
1.40282
1.71149
0.655926
0.829786
2.15259e-006
0.923447
0.888497
1.43747
1.48593
1.75664
1.61115
1.3584
0.79768
1.45918
1.01831
0.9342
0.79221
0.832784
0.895179
1.04182
1.35883
0.998363
0.845963
1.56773
1.40458
1.47785
0.931124
1.22876
0.660962
0.572431
0.910056
1.37054
1.66678
1.38481
1.79239
0.700668
0.985319
0.908254
1.15907
0.792402
1.30858
1.23356
1.09225
0.980855
0.744818
1.19784
0.421536
1.38568
0.679779
0.841457
0.983098
1.48153
1.19815
0.769117
1.53434
1.73431
1.60126
0.942607
1.40772
0.550813
1.8591
1.09941
2.01564e-006
0.788677
0.657333
0.626636
0.471237
0.84094
0.581699
0.837206
2.06323e-006
0.906459
0.792441
0.807173
0.73856
0.871711
0.913871
1.48651
1.14876
0.746087
1.75472
1.21299
0.698041
2.00318
1.97972
1.35021
1.78863
1.83063
0.601266
1.14907
0.691819
1.26875
0.827631
1.15348
1.35055
1.64211
1.27281
1.84394
1.51129
0.990702
1.22921
0.8523
0.588416
1.45711
1.0795
1.28041
1.54398
0.92604
1.20194
1.43957
1.32232
2.12196
1.18055
0.908014
0.664115
0.578185
1.41388
0.990533
1.6188
1.65125
1.62337
0.838631
1.10303
1.43188
1.46144
1.03017
0.813276
1.4965
1.09043
0.635442
0.896638
1.64151
0.952315
1.15671
0.61928
0.819177
0.955619
1.45372
1.13633
0.821345
1.82451
2.12663
1.30074
1.80852
1.14819
0.682568
1.93081
0.989373
0.947254
0.728099
0.597526
0.799069
0.448568
0.89834
0.775627
2.09751e-006
2.09751e-006
0.808174
0.684188
0.591945
0.60532
0.824005
0.825739
1.03708
1.36102
0.683223
0.81047
0.88087
0.96372
0.983799
2.08944
0.989474
1.80055
1.10526
0.887867
1.11523
1.29045
1.24534
0.715063
1.47653
1.64375
1.28486
1.09491
1.81775
1.50156
1.06296
0.97406
1.07624
1.15581
1.39618
2.19097
1.05041
1.23717
1.04515
1.26302
1.54643
1.27063
1.72574
1.18838
1.388
0.837163
0.684934
1.707
1.63854
1.61856
0.913425
1.34676
1.08246
1.42627
1.19204
1.44306
0.591114
0.940611
1.1442
0.81677
0.981607
1.19645
1.28382
1.63236
0.864819
0.7458
1.14533
1.14806
1.48173
1.17636
1.35334
1.95995
1.7391
0.513987
1.65648
1.24642
0.414796
2.00025
1.12499
1.09976
0.715414
0.555677
0.832785
1.19776
0.886544
0.545684
2.29917e-006
2.29917e-006
1.03795
0.933471
0.760593
0.788319
0.663682
1.04877
0.611294
1.26549
0.819746
0.699057
1.32276
1.43955
1.40776
1.95587
0.858748
1.34491
1.53667
1.03155
1.3322
1.82036
1.28928
1.20315
1.87571
0.820247
1.09758
1.38912
1.95551
1.44701
2.10801
0.726409
1.31709
0.808921
0.805258
0.642272
0.85486
1.47251
0.870768
1.22448
1.19253
0.60794
1.81037
1.08143
1.16032
1.15199
0.907568
1.45801
1.88593
1.50284
0.730482
1.43603
1.2954
1.2674
1.11332
1.26115
0.793364
1.0201
0.961911
1.56188
0.922337
0.613541
1.16799
0.867725
0.932771
1.49998
1.07572
1.40057
1.462
1.21028
1.91232
1.80455
1.32352
0.625911
1.58077
0.984903
1.47463
2.13294
0.841896
1.27779
0.896665
0.878098
0.663259
0.918736
0.681883
0.648805
0.829786
2.15259e-006
1.28928
1.11197
0.330822
0.582336
0.997588
1.51237
0.66039
1.5356
1.06742
1.37522
1.13075
1.43235
1.1581
1.64806
0.879603
1.05226
1.58388
1.53365
1.78311
1.93399
0.714192
0.597217
1.42312
0.644405
0.792574
1.89872
2.0239
1.48444
1.81244
2.26576
1.06182
0.869181
0.908424
0.835062
1.43294
1.03348
0.869428
1.04311
1.13747
0.712535
1.46493
0.882857
0.954282
1.42705
1.70108
1.80865
1.35749
1.6888
0.90952
1.37488
1.37764
1.04954
1.11473
1.17578
1.03095
0.963001
1.53371
1.58713
0.768168
0.522457
0.970933
0.749171
0.749204
1.30783
1.77088
1.18141
1.48005
1.19326
1.99554
1.51085
1.34568
1.31708
0.439757
1.24963
1.28742
1.22704
0.71156
1.30752
1.04212
0.996159
0.807165
0.738538
1.04211
0.742369
1.51177
2.36405e-006
1.28928
1.16862
0.684487
1.11574
1.37019
1.08358
0.899808
1.75544
1.46935
1.92902
1.05564
0.889875
1.19238
1.36575
1.09595
1.02189
0.919705
1.93731
1.85382
1.82506
0.56757
0.447882
2.25769e-006
1.26385
1.15481
1.87019
1.5186
1.20511
0.737873
2.24696
0.606318
0.998
0.465182
1.05446
0.724449
0.899578
1.1641
1.21229
0.822693
0.921463
1.54905
0.654105
0.555071
1.99516
2.1306
0.635039
1.3358
1.51328
1.11669
1.01601
0.897942
1.05516
0.689552
1.50542
1.2144
1.35912
1.21489
1.17798
0.703616
1.09167
0.628296
1.08385
1.23704
1.60583
1.23209
1.28488
1.50677
1.19219
1.5666
1.64382
1.96572
1.97794
0.603552
1.29029
1.04603
0.944181
0.658024
1.05321
0.556954
0.450871
0.591949
0.666166
0.556948
0.638929
1.4358
2.37887e-006
1.20604
1.10207
1.02458
1.32887
1.79422
0.817602
0.508139
1.73671
1.28132
1.15624
1.05597
1.00282
1.23134
1.8673
0.933148
0.730374
0.664241
2.24029
1.92031
1.93485
0.994959
0.877766
0.508138
1.28978
1.81628
1.8321
0.654685
0.995546
0.814927
1.82806
1.39655
0.942629
0.811506
1.56016
0.98022
1.4691
1.26605
1.44446
1.11567
1.09016
0.465037
0.841515
0.63811
2.02222
1.5783
0.57888
1.55498
1.2409
0.989193
0.973595
0.426249
1.17273
0.608529
1.34807
1.1452
0.963466
1.18546
1.80108
0.88809
1.12166
0.920208
1.5167
1.13065
1.24365
1.14343
1.28491
1.48219
1.18449
0.864567
1.53994
2.38571
0.790299
1.4032
1.55228
0.991867
0.860698
0.679227
0.666157
2.17672e-006
0.416629
0.760592
2.31987e-006
2.31987e-006
0.363539
0.616659
2.22879e-006
0.477374
0.575639
0.964605
1.62751
2.0271
0.627569
2.04438e-006
1.41394
1.19908
0.745804
0.747548
1.34416
1.08418
1.94444
1.1116
0.78831
1.10261
2.05964
1.66444
1.70145
1.6775
1.59303
0.755994
1.03285
2.177
0.918027
0.57868
0.579868
0.593139
1.79331
1.48643
0.764578
1.30028
1.32789
1.29568
1.1978
0.997394
1.40832
1.17595
0.688254
0.862377
0.699214
1.71149
1.89156
1.91562
0.80381
1.82266
1.1925
1.0942
0.87427
0.83452
0.992639
1.2392
1.49998
1.08775
0.49422
1.06851
1.30789
0.999813
1.50953
1.4514
1.29493
0.620696
0.879553
0.897425
1.32884
1.48695
1.19791
0.637485
1.36465
1.37614
0.930155
1.54487
1.30349
0.59317
0.547717
0.971216
0.939624
0.681868
0.526316
1.11784
2.29173e-006
2.29173e-006
0.568109
0.525221
0.869379
0.964316
0.750954
1.08742
1.94925
2.0217
1.41686
0.745503
1.30384
1.30057
0.635794
1.48548
1.33614
1.30473
1.2763
0.758406
1.16179
1.31924
1.64659
1.84364
1.98345
1.75267
1.80974
1.04618
0.984867
0.978536
0.986574
1.26207
1.06339
1.20729
1.93095
1.46741
1.92724
1.20697
1.02823
1.15492
0.919666
0.863574
1.14932
0.980685
0.574133
0.866456
0.933668
1.99548
1.76869
1.71897
0.702746
1.71595
1.75557
1.29963
0.919072
0.87353
1.28691
1.19107
1.28678
0.537126
0.951068
0.429971
1.11635
1.14547
1.20057
1.07103
1.14055
0.914303
0.795142
1.00622
0.797913
1.48548
1.18446
0.949445
1.19974
0.805252
0.734564
1.84335
1.29838
2.24964e-006
1.20311
1.51176
0.738533
1.04214
0.938847
0.659887
2.36462e-006
2.36462e-006
0.463818
1.07627
0.952317
0.567562
0.447882
1.87573
2.16904
2.03334
1.83191
0.858697
0.737602
1.74929
1.18275
0.96996
1.6482
1.49697
1.30425
1.41762
0.875905
1.67207
1.78707
1.85578
1.94015
1.63445
0.930468
1.28674
1.38198
0.92813
1.27368
0.837537
0.748747
2.25832
2.35432
1.94777
1.98326
0.906439
0.792937
1.379
1.09666
1.6691
1.27296
0.928758
0.658883
1.81921
1.59155
1.82759
1.66989
1.67775
1.11074
1.91882
1.52827
1.08947
1.22616
1.41289
1.74281
1.22716
1.44347
0.822791
1.38493
0.768017
1.09273
0.936443
1.26991
0.724161
0.901771
0.717373
0.93803
0.767454
0.775862
1.474
1.1774
1.10418
1.08914
0.948014
0.876215
1.34533
1.33407
0.556918
0.939992
1.47389
0.73918
0.556949
0.660337
1.17871
0.666132
0.437533
0.535634
0.754019
1.20298
0.948013
0.83405
1.82663
1.99549
2.01867
1.96034
0.569399
0.414633
0.975638
1.74704
0.871742
1.88706
1.50864
1.48408
0.804187
1.12384
2.163
2.23899
0.972018
1.41504
1.74728
1.65685
1.0403
0.953126
1.0816
0.935177
0.885464
0.314524
1.67
2.2794
1.90982
1.73161
1.09171
1.26643
1.10385
1.28944
1.4161
1.06002
1.23217
0.759443
1.06235
2.32116
1.7451
1.99033
1.82255
2.20592
1.73999
1.67522
1.08653
1.07582
1.11616
1.32973
0.827801
0.646575
0.748742
1.1078
1.05401
1.15379
0.940948
0.868817
1.3618
0.941863
0.842687
1.4848
0.879374
0.886948
1.47848
1.19977
0.867457
1.47109
1.28928
1.16083
0.700017
0.823549
0.734301
0.627386
0.785543
1.01858
2.44978e-006
0.992039
1.30415
0.788312
0.61406
2.21423
0.872343
1.17111
1.28928
1.15313
1.02937
2.08324
2.00327
1.98059
1.89297
0.789786
0.552915
1.81554
1.27613
1.59403
1.85333
0.764014
0.478546
1.21456
2.07
1.59815
1.06421
1.30483
1.23934
1.19861
0.924808
0.862996
0.877076
0.386018
1.32141
1.47542
1.16652
2.22248
1.78492
1.91366
0.652423
1.30424
1.02789
1.02876
1.34447
1.39228
0.686864
1.01902
0.844995
2.13421
1.54263
1.62126
1.82421
1.64945
1.82863
1.81004
1.04748
0.912013
0.898354
0.903935
0.792403
0.774045
1.47481
2.09962
1.10044
0.728126
0.839865
1.12652
1.20369
0.999703
1.14407
1.72048
1.1156
1.00346
1.47762
1.19195
1.40073
1.16672
1.30057
0.589074
1.11786
1.00358
0.979525
1.24215
0.894805
1.55228
2.48078e-006
0.475046
0.713844
1.02131
0.789227
1.4924
0.857814
1.18321
1.28928
1.14988
0.805069
1.77884
2.10245
2.16115
2.33006
0.767858
1.34041
1.68693
1.18287
1.75544
1.83685
0.865785
0.67289
1.28859
1.89304
0.83514
1.43238
0.868289
0.879103
1.05538
0.8491
0.507586
1.32758
2.03131
1.09048
1.06704
0.817062
2.36282
1.76002
1.83072
1.8288
1.08978
0.686137
0.805769
1.14441
1.34547
1.00884
1.34626
0.579537
1.54078
1.27845
1.52834
1.25571
2.29529
1.68366
1.88347
1.15753
0.849235
0.844278
1.34479
1.22793
1.1433
1.53577
1.34252
1.3214
0.768105
0.914137
1.43801
0.984662
1.48537
0.976374
1.11044
1.35171
1.00591
1.45058
1.20353
1.51177
1.57611
2.16975
1.20314
2.36462e-006
1.29608
0.781142
0.529559
0.807175
1.55228
2.48078e-006
2.48078e-006
2.48078e-006
1.55228
0.649118
0.774102
0.897223
1.43275
0.593091
0.472992
0.747174
1.53908
1.73191
1.87882
2.05793
1.4236
1.23857
1.53178
0.753511
1.34463
1.71327
1.05254
1.08357
1.95684
1.53554
0.819551
0.910642
0.633311
1.13766
1.12625
0.83193
0.823333
1.28175
1.82749
0.753507
1.14709
0.639648
1.81894
1.87727
1.67139
1.83949
1.06649
1.02524
0.706723
1.09104
0.952366
1.18827
1.14333
1.45673
1.63609
1.57007
0.774194
0.975197
2.41179
1.66056
1.76152
1.44783
0.877584
1.22929
0.868444
0.904561
1.34166
1.32311
0.678978
1.41607
1.3123
0.754298
1.21919
1.5131
1.26956
0.523204
0.968569
1.06749
1.32783
1.45355
1.20353
1.51177
1.57611
2.16975
1.20314
2.36462e-006
1.29321
1.64409
0.925312
0.636443
1.51592
0.556965
0.437534
2.48078e-006
1.55228
0.639209
1.06959
0.895998
1.1429
0.661506
0.508573
1.01024
1.62456
1.9767
1.97936
1.83923
1.17405
1.04652
1.82162
0.813407
1.18999
1.36793
1.16585
1.32942
1.99807
1.60448
1.25005
1.33508
1.50453
0.694843
1.09272
0.723411
0.981111
1.63157
1.87369
0.793133
1.48145
0.649986
1.88694
0.745769
1.87953
1.77423
1.38886
0.619376
0.797938
0.999741
1.04086
1.44638
0.644937
1.9918
1.91002
1.81249
1.26691
1.96396
2.33171
1.98867
1.37487
1.41972
0.961892
0.971863
1.61273
1.08375
1.16025
0.951248
1.09048
1.42946
0.99239
1.14601
0.90722
1.40581
0.711632
0.662366
1.03318
0.900856
1.11632
1.48195
1.20353
1.51177
1.57611
2.16975
1.20314
2.36462e-006
0.823541
0.734301
0.61406
2.39042e-006
0.823554
0.734316
0.614059
2.48078e-006
1.55228
0.955315
1.14554
0.906206
2.36462e-006
1.28929
1.12542
0.783231
1.37365
2.38897
1.20477
1.31454
1.50727
1.07276
1.2675
0.842074
1.05758
1.41625
1.37923
1.53482
1.96684
2.03218
1.23598
1.50725
1.44561
0.455066
1.37228
0.767989
0.954801
2.00326
1.96906
1.27233
1.72496
0.515625
2.05431
0.730769
1.88093
2.00475
1.38555
0.507299
1.219
0.942615
1.35103
1.53403
1.20916
2.13254
2.42594
1.83467
0.921753
1.16019
1.9827
2.18633
1.25538
1.29718
0.760851
0.448982
1.81884
0.522591
0.816671
0.904305
1.59588
0.724839
0.94724
1.25765
0.828283
1.00715
1.12692
0.862723
1.24102
1.1061
0.921612
1.47469
1.20353
1.51177
1.07344
1.60324
0.547805
2.28938e-006
2.28938e-006
1.28927
1.14395
0.829777
2.39042e-006
0.714201
0.617537
0.794506
1.30348
0.738181
0.599256
0.525223
0.65753
0.995837
0.494151
0.851444
1.549
2.03023
1.32905
1.19062
2.13749
1.5944
1.15059
0.758404
1.27779
1.36504
2.40566
1.6121
1.80453
2.05792
1.3177
2.02382
1.56572
0.620398
0.758272
1.10841
1.45256
2.2143
2.49321
2.06657
1.72496
0.998486
0.638954
1.21467
2.08476
2.01804
2.32594
1.1825
0.79002
0.691727
1.05098
1.79575
1.52769
0.988435
0.966687
0.980969
1.21629
1.14451
1.50909
1.98038
1.084
1.16784
0.999533
1.40784
1.21747
1.02881
0.835926
0.618641
0.652293
0.721399
1.14078
0.680144
1.01597
0.994271
1.23873
0.978843
1.42155
0.563327
1.09606
1.47684
1.18858
1.19876
0.691819
0.649115
0.849617
1.0877
0.693201
0.649117
0.913026
1.19875
2.42862e-006
2.42862e-006
0.768631
0.927892
1.43277
0.567573
0.600146
1.12926
0.768821
1.03789
0.718508
1.48496
2.26569
1.92143
1.82276
0.929157
2.10203
2.16974
1.30513
1.51176
1.18016
1.20314
2.43244
2.25902
1.76693
0.529868
1.57928
1.58679
1.36544
0.831226
1.08358
1.1934
1.8562
2.03514
2.06803
2.06657
1.72496
1.24517
0.800257
1.12658
2.08476
2.40684
2.43874
1.6526
0.924857
0.752425
1.52205
1.73099
1.391
0.633917
0.521258
0.953476
1.07158
1.74621
1.63387
2.02016
0.59742
1.24844
0.91692
1.0842
1.03522
0.71556
0.755537
0.893128
1.06782
1.00711
1.55836
0.688233
0.735002
0.373426
1.46554
0.93297
0.931112
1.14759
1.41489
1.45241
1.19627
1.06435
1.26141
0.631111
1.15562
0.454023
0.848136
0.639201
1.09874
1.09439
0.666178
2.31794e-006
0.422632
0.768008
1.08677
0.959434
0.871361
0.594057
1.07466
1.20963
0.488333
1.83835
2.2524
1.98751
2.26793
1.21216
1.88842
2.16974
1.26394
1.48106
0.702997
1.0755
2.3917
2.25146
1.63969
0.721513
0.650768
1.66114
1.05394
1.29825
0.95277
1.26525
1.91689
1.41714
1.27914
2.0048
1.72495
1.07432
0.553722
1.50322
2.08476
2.3691
2.4143
1.73026
0.937121
1.21243
1.78263
1.60525
1.28391
1.094
0.883125
1.08815
0.626722
2.11329
2.00718
2.2533
0.975226
1.04957
0.825778
0.713025
0.965202
0.835565
0.793619
1.53155
0.977423
1.02965
1.55948
1.00006
1.02694
0.787278
1.32892
1.08132
0.753139
0.989132
0.982701
1.49258
1.18437
0.944801
0.638559
0.620798
0.81146
1.22401
1.76389
0.674892
0.810306
0.906212
0.788321
2.39077e-006
0.416596
0.760588
1.08199
0.774801
1.58869
0.828635
1.24843
0.879981
0.639432
2.01647
1.33801
2.19603
2.39883
1.08776
2.19764
2.16974
0.828261
1.46945
0.78778
0.812706
1.91763
2.21817
1.4649
0.740313
0.683534
2.01412
0.779595
1.12787
0.884532
1.5526
1.91471
1.6108
1.29735
1.68694
1.72494
0.734311
0.61406
1.87572
2.08476
1.79733
1.62069
1.85866
1.2468
1.24273
2.35506
1.63149
1.33547
0.556945
0.634325
0.785549
0.993481
2.40683
2.40103
2.29488
1.05436
1.01196
0.51892
0.773186
1.13847
1.52929
1.75219
1.48961
1.048
1.24358
1.70141
1.04933
0.579144
1.05754
1.24095
0.941826
0.782767
1.25212
0.844125
1.48235
1.18438
1.16487
0.831235
1.08367
0.714735
1.43837
1.7079
0.650194
0.547371
1.11784
1.16236
0.681879
0.64895
1.03397
0.707355
1.73766
1.51314
0.396486
0.73305
0.84536
0.854198
2.1045
1.05034
1.54631
1.52468
0.817764
2.31541
2.08138
0.576056
1.15389
0.959468
1.20729
1.94822
1.77686
0.795958
1.01281
0.815152
1.02117
1.4219
0.613426
0.575975
1.20107
1.84531
2.1146
2.0939
2.0908
1.25489
1.19289
0.936483
1.42312
1.7461
1.67485
1.59501
1.85385
1.34914
1.35657
1.76171
0.78392
0.606062
0.567893
0.452515
1.32724
1.31343
1.86408
2.22773
2.39236
1.08145
0.651128
1.92045
1.30554
0.987703
1.87826
0.819206
1.25197
1.03377
0.822818
1.44722
1.08563
1.31051
1.63277
1.17628
1.14388
1.19274
2.05083
0.943812
1.48245
1.19438
1.40309
1.16445
1.30083
0.768207
0.764812
0.878067
1.26841
1.14782
0.659887
2.23818e-006
1.04211
0.750947
1.06997
0.669514
1.60336
0.919231
0.857655
0.603345
1.23532
2.41848
2.18906
1.74505
1.11851
1.34258
2.01316
2.03337
1.6148
1.20097
0.807168
0.897112
2.14543
2.18446
1.09047
0.888975
0.700376
1.36335
0.960172
1.52845
1.51218
1.09158
0.623899
1.23578
2.19228
2.47809
2.37009
1.73955
1.11997
0.517848
2.12453e-006
1.10154
2.35008
2.16405
1.63126
1.57465
1.3665
1.05996
0.807871
1.22842
0.959762
0.991455
1.72085
1.67564
1.83514
2.33118
1.31638
0.919376
0.820881
1.01666
0.927829
1.26782
1.11229
1.14319
0.995827
0.781977
1.39501
1.22866
0.681195
1.08202
0.977837
1.56871
0.752325
1.63816
1.17908
1.05804
1.48926
1.19543
0.647481
1.02695
1.34148
1.12457
1.05194
2.13609e-006
1.08641
1.04674
1.18847
2.23301e-006
0.556954
0.735251
1.27461
0.441594
1.03213
0.687033
0.746758
1.51949
1.08543
2.41549
1.96726
1.90196
1.17259
1.94278
2.02497
1.95972
1.68432
0.501738
0.616262
1.31715
1.86452
1.89468
0.442551
1.03378
1.40282
1.40107
1.37428
0.858798
1.92052
0.63361
0.775333
0.94652
1.93239
1.5335
2.29231
1.45048
1.70932
1.17906
2.20139e-006
0.316354
1.77245
1.99491
2.02838
1.75424
1.28095
1.31795
0.670737
0.908566
0.677967
1.10781
1.85776
1.98592
2.08729
2.42337
1.12691
1.18002
0.993306
0.870027
1.50614
1.30225
1.0326
1.46136
0.906893
1.07914
1.23697
0.930892
0.540881
0.617801
0.737926
1.29797
1.03673
1.68892
1.12196
0.954876
1.49395
1.17611
0.856486
1.16568
1.1946
0.75064
1.29748
2.14624e-006
0.594721
0.457157
0.790072
2.15575e-006
2.15575e-006
1.20313
1.51176
2.10944e-006
0.895065
0.861866
1.29748
1.24843
1.01502
1.37949
1.96066
1.89167
1.23532
2.47755
2.01316
2.09663
2.17619
0.899675
1.20811
1.5114
1.31447
1.29392
0.848814
1.78774
1.5859
0.822032
1.35155
0.905176
1.69335
1.27123
1.09507
0.557443
2.16014
1.63642
1.88558
1.28209
2.00294
0.845252
0.74706
0.794443
1.27558
1.22792
1.65307
1.60675
1.24543
1.1966
0.755994
1.55228
0.900679
1.56453
1.67915
2.02683
1.37311
2.20981
0.531105
0.930207
1.12772
1.31349
1.45412
0.957864
1.09592
0.933129
0.904574
1.46264
0.860056
0.959003
0.959842
1.76649
0.92582
1.06165
1.42596
1.55915
0.933832
0.993617
1.48557
1.17251
0.720109
1.55227
0.814808
1.30523
0.668858
0.86938
0.645276
0.566974
1.11785
2.0896e-006
0.650191
0.557679
1.51176
0.86938
0.714192
0.67305
1.51176
1.49087
1.47891
1.15206
1.42982
1.83498
1.85437
2.45318
2.02498
1.01049
1.35788
0.581731
1.23971
0.861533
1.04108
1.77439
1.5564
1.56614
0.494672
1.0744
1.03527
0.87512
1.40561
1.56176
0.657739
0.696961
0.847528
2.04157
2.04406
2.02789
1.92733
0.649293
1.60985
0.540143
0.59316
0.536036
1.47785
1.28883
1.19707
1.68346
0.597991
1.38239
1.02959
2.14536
2.1491
1.81617
1.64793
2.0669
0.640437
1.1088
1.76643
1.19676
1.32285
0.972177
1.4449
1.42149
1.33109
1.35082
1.1624
1.21443
0.981211
1.0976
1.78011
1.05874
1.61211
1.22075
1.32029
1.06729
1.47321
1.18901
0.876552
1.3563
0.664797
1.94912
0.924132
1.18016
0.887413
0.764494
0.66116
0.693198
0.608576
0.748034
1.24765
1.19975
1.93563e-006
1.20314
1.51176
1.4798
2.09493
1.06009
1.83021
2.09662
1.8278
1.85153
1.76703
0.880628
0.7606
1.08501
1.003
1.42737
1.36676
1.54017
0.579597
1.23225
0.963538
0.699534
1.44695
1.03167
1.57455
1.78832
0.565176
1.00983
0.647653
2.01125
2.05975
1.93557
2.1743
1.10964
1.73425
0.637373
0.556964
1.12823
1.48631
1.1234
1.91596
0.896735
0.745891
0.632758
1.29466
1.34446
2.04537
1.71818
1.92838
1.9413
0.705915
0.659831
1.27367
1.25034
0.911852
2.03534
1.23343
1.81243
1.13683
1.1951
1.25074
0.95957
1.45505
0.913536
1.29263
1.04358
1.44941
0.887039
0.889504
1.13553
1.45949
1.13681
1.27916
1.33097
1.06223
1.05846
0.495926
0.666166
0.556948
0.431033
0.990852
0.91372
0.647856
0.994481
0.805006
1.11699
1.75615e-006
1.15756
1.47389
1.46026
2.05348
2.18799
1.85119
2.07323
1.38609
1.36626
1.52302
1.07977
0.974661
0.796587
1.21091
1.39389
0.963484
0.999966
0.641321
1.00969
0.772687
0.816679
1.50244
0.895148
0.993855
0.679792
0.614909
0.973192
0.9495
2.03702
2.1126
2.09389
1.02866
0.815708
1.25831
1.33253
0.700175
0.587545
1.74197
1.33665
0.844222
0.56578
0.862561
0.7143
1.45841
1.45723
2.1882
1.98797
2.14162
1.26762
1.06642
0.850435
1.02435
1.02784
0.972296
1.07766
1.32453
1.59812
0.760909
0.850135
1.12792
0.70135
1.05705
1.2368
0.816291
1.79321
1.04689
0.911074
0.869828
1.12531
1.45651
0.514972
1.31782
1.00742
0.628884
0.515626
7.72394e-007
7.72394e-007
7.72394e-007
0.558765
0.856483
0.895616
0.63436
0.693092
0.287622
0.853101
7.55088e-007
0.515625
0.785547
0.858007
1.7145
2.23366
1.45647
1.60051
0.927534
0.792385
1.08799
0.853102
0.961542
0.821549
1.08611
1.13905
0.929945
0.85398
0.97837
0.649672
0.652998
1.00933
1.40611
0.480143
0.643701
0.527174
0.785546
0.490034
0.68407
1.63842
1.65633
1.76462
0.848144
0.807602
0.62772
0.823552
0.6437
0.532955
1.30262
1.4213
0.727674
0.555236
0.785549
0.989066
1.76012
1.78282
2.11612
1.71769
1.70297
0.990788
1.03159
0.540238
0.71629
0.606466
1.22006
0.686138
1.00931
0.905343
0.880815
0.84005
1.65956
0.885164
1.33311
0.943293
0.80136
1.08204
0.749961
0.917211
0.949375
0.774002
0.825006
