0.0273164
0.0148916
0.0362999
0.0320244
0.206429
0.0359311
0.0618915
0.0117655
0.317414
0.0142567
0.117926
0.277179
0.0892953
0.0698253
0.196204
0.294001
0.0344195
0.0202982
0.0317238
0.129841
0.0813139
0.0182254
0.0289011
0.520871
0.0069194
0.0260855
0.0219963
0.00341132
0.0203361
0.0220675
0.0821707
0.0272499
0.197384
0.0492091
0.0742023
0.0739437
0.0421737
0.0903088
0.0116195
0.0222541
0.083048
0.0134254
0.0594997
0.00545906
0.124943
0.0633519
0.00465967
0.0578227
0.133794
0.0110078
0.0329127
0.040748
0.0362895
0.00525861
0.081353
0.0417131
0.0387151
0.014461
0.0870769
0.179972
0.129736
0.0960298
0.152541
0.0125864
0.0954042
0.0941843
0.0106229
0.00230462
0.0420432
0.0107075
0.00526669
0.00241911
0.0648394
0.0122155
0.0109693
0.0295045
0.0592987
0.0398772
0.0136832
0.0550689
0.0500588
0.0116644
0.0195143
0.00133603
0.0783612
0.126945
0.0571951
0.204414
0.281331
0.0504688
0.0632587
0.489802
0.0471586
0.00427499
0.0456692
0.432173
0.0789478
0.52215
0.368319
0.134388
0.267763
0.129863
0.140589
0.00137804
0.0777647
0.198406
0.37915
0.0233985
0.0210435
0.21582
0.196405
0.220514
0.019296
0.0515999
0.394162
0.0590678
0.00769615
0.1449
0.099562
0.366465
0.0761738
0.0546038
0.0681034
0.263407
0.0510573
0.00617375
0.173141
0.0705482
0.0647528
0.483597
0.226819
0.221881
0.25928
0.136415
0.0650919
0.0763162
0.184721
0.251121
0.184584
0.027565
0.107433
0.136338
0.275773
0.0877826
0.465846
0.106222
0.0840776
0.0119086
0.443404
0.0468914
0.137786
0.345372
0.299812
0.094897
0.0178183
0.160062
0.00715247
0.142725
0.248947
0.254277
0.0320093
0.0557327
0.021014
0.325265
0.0711292
0.163467
0.0122208
0.0702328
0.0668306
0.0496068
0.372551
0.109244
0.772968
0.0266637
0.168652
0.131922
0.382727
0.656693
0.0622898
0.270246
0.0786531
0.175198
0.27318
0.0588842
0.0678849
0.951172
0.00678064
0.1447
0.0565067
0.401622
0.269003
0.00208696
0.00615116
0.0776904
0.168468
0.541294
0.111474
0.148328
0.0159322
0.139056
0.0259661
0.0669096
0.0640729
0.0752242
0.196235
0.0507751
0.0807516
0.0106231
0.0243139
0.0234412
0.122137
0.103115
0.0620228
0.00149139
0.0591438
0.339627
0.0384083
0.327776
0.0723283
0.314225
0.0414075
0.0898962
0.000450347
0.0921277
0.0276143
0.160624
0.0444203
0.0711641
0.0878202
0.053463
0.163874
0.116747
0.100762
0.370652
0.216342
0.563974
0.05245
0.108634
0.214986
0.033198
0.0180009
0.0597683
0.0630553
0.0170781
0.0166127
0.133833
0.317076
0.00941795
0.0658309
0.0463891
0.100986
0.29137
0.121328
0.0281407
0.0451486
0.161276
0.00737774
0.173976
0.748768
0.0840999
0.01342
0.120015
0.208991
0.15103
0.103454
0.546406
0.320246
0.28353
0.0729827
0.00533415
0.00771515
0.482519
0.828741
0.739091
0.0598742
0.239266
0.191713
0.0357789
0.0259008
0.0915369
0.0908155
0.182726
0.580575
0.608172
0.0476376
0.210456
0.0284372
0.154458
0.0902103
0.0187539
0.0176177
0.0210678
0.0571769
0.315961
0.040899
0.0286668
0.167414
0.129565
0.418814
0.0756441
0.191031
0.0981999
0.0581371
0.0262408
0.00142848
0.04499
0.0474623
0.168038
0.073069
0.000247088
0.0225669
0.141543
0.140978
0.0312206
0.0699715
0.0646104
0.119437
0.0113428
0.0641141
0.0124245
0.114065
0.0443699
0.243266
0.247485
0.0433503
0.0763245
0.00589257
0.0199961
0.182213
0.00198627
0.000627617
0.000271249
0.0790809
0.0696552
0.109887
0.0321659
0.0349374
0.0419571
0.0705741
0.214591
0.00100623
0.272563
0.695446
0.0784079
0.539964
0.0551546
0.0528488
0.343695
0.153353
0.241238
0.190506
0.012711
0.0575307
0.219714
0.3821
0.210368
0.485423
0.23659
0.292568
0.0414681
0.0761057
0.00199634
0.0719549
0.0222383
0.0111069
0.0987221
0.075275
0.0708411
0.116982
0.0145545
0.139018
0.0809017
0.00686101
0.0996542
0.0272455
0.168745
0.169812
0.120261
0.0636959
0.408935
0.105445
0.181182
0.0424202
0.100472
0.142231
0.650045
0.0688851
0.0533518
0.468717
0.303154
0.268873
0.236519
0.0386519
0.0358812
0.17573
0.21007
0.282464
0.17615
0.233052
0.349111
0.134031
0.0784828
0.0787384
0.124158
0.120657
0.0434791
0.241862
0.208104
0.0757314
0.41284
0.299349
0.100417
0.00435164
0.158328
0.144012
0.0845214
0.131225
0.0835128
0.0728032
0.0929199
0.282783
0.0832825
0.0201054
0.16281
0.144266
0.263847
0.0020549
0.117856
0.0087285
0.172892
0.0355707
0.0789566
0.0175683
0.199156
0.491499
0.0714995
0.071684
0.0131106
0.345021
0.166777
0.0970263
0.316296
0.0729099
0.115742
0.0621255
0.00608964
0.0269359
0.10395
0.0748097
0.745898
0.145282
0.761813
0.373299
0.0280578
0.017637
0.225346
0.223777
0.013116
0.23543
0.480459
0.099822
0.0580953
0.010736
0.0043429
0.202717
0.0206049
0.0613777
0.00664037
0.195684
0.0687739
0.180639
0.272041
0.126003
0.0503382
0.00306385
0.105113
0.139052
0.40644
0.0509817
0.0735317
0.256352
0.0471204
0.162133
0.306849
0.262848
0.0763132
0.237718
0.0713808
0.0245707
0.0175474
0.0734803
0.0605013
0.294167
0.187197
0.00507393
0.0116117
0.322953
0.119456
0.24238
0.248345
0.0227063
0.0916172
0.137901
0.0663491
0.0680427
0.183883
0.110799
0.235414
0.0558094
0.215043
0.10342
0.352783
0.0103819
0.049652
0.269164
0.12344
0.112102
0.0496201
0.0564489
0.243678
0.271521
0.0138857
0.064043
0.0402959
0.0676396
0.0742022
0.518219
0.328846
0.0927243
0.265395
0.261507
0.270988
0.141401
0.0470634
0.154168
0.156183
0.039102
0.17183
0.214942
0.0280127
0.0892047
0.391118
0.125324
0.213265
0.012164
0.0861549
0.195835
0.0398102
0.00725098
0.231144
0.173016
0.0174836
0.383037
0.0334301
0.0582414
0.0944914
0.0994472
0.134715
0.270059
0.267679
0.336107
0.459565
0.0907246
0.166065
0.135398
0.0089785
0.096918
0.0204339
0.0069093
0.0162767
0.13475
0.0706967
0.0458587
0.00905552
0.0782178
0.0866608
0.0649509
0.00869791
0.285249
0.0479005
0.0129951
0.0515955
0.00833829
0.0800645
0.0456944
0.0552652
0.203284
0.0627184
0.0692666
0.0143817
0.0686452
0.0704695
0.210633
0.141722
0.216254
0.0800195
0.0336548
0.0173454
0.234453
0.223469
0.0169459
0.0726117
0.0452163
0.0148606
0.228289
0.118174
0.152028
0.136289
0.0776153
0.202358
0.0763727
0.270213
0.0143915
0.00394321
0.0380546
0.282166
0.0574354
0.097014
0.0551571
0.197596
0.00184482
0.00309407
0.042317
0.0566248
0.012683
0.0421062
0.345775
0.0644585
0.0363005
0.181851
0.00447357
0.120215
0.256998
0.431769
0.0785969
0.0327952
0.254305
0.16651
0.134084
0.269174
0.157044
0.0641398
0.117833
0.0188173
0.0139916
0.0116777
0.293928
0.0413461
0.339458
0.0453504
0.0177733
0.0316572
0.170912
0.0467519
0.126188
0.0231904
0.0949513
0.0628433
0.00627504
0.201485
0.243602
0.019764
0.0594132
0.00265132
0.104844
0.0331596
0.000646162
0.0879546
0.010917
0.0180537
0.0443144
0.106091
0.0546113
0.158985
0.283983
0.215854
0.0370244
0.0283385
0.0889445
0.231728
0.160267
0.0281555
0.0492842
0.0202026
0.0965064
0.0798842
0.0611728
0.1382
0.080928
0.217183
0.0772721
0.137118
0.257927
0.000433937
0.00928843
0.036696
0.0973987
0.0862803
0.125726
0.00559634
0.374085
0.515829
0.12969
0.0227612
0.023232
0.121366
0.0444298
0.0123791
0.252836
0.028282
0.0618405
0.00512572
0.184461
0.0107162
0.0175781
0.0620393
0.654069
0.294221
0.0809533
0.0115599
0.159142
0.164162
0.0113245
0.122267
0.0954111
0.287502
0.0651522
0.0254055
0.0764612
0.0924117
0.0114743
0.199498
0.241872
0.242955
0.311152
0.0703464
0.00354675
0.117772
0.0332517
0.157007
0.0744465
0.0883358
0.0100965
0.0273205
0.128574
0.0320186
0.0585884
0.341496
0.0601928
0.288797
0.0445139
0.488924
0.129865
0.435415
0.278065
0.00489117
0.106821
0.314771
0.0386307
0.248323
0.148064
0.703662
0.277334
0.0296364
0.0145919
0.0804223
0.012858
0.0539196
0.178071
0.0476065
0.0360126
0.0720696
0.0230405
0.289427
0.0784632
0.0873827
0.2226
0.272813
0.0891631
0.15805
0.0851918
0.0900296
0.022324
0.124693
0.227214
0.00155753
0.00208617
0.0840131
0.249376
0.0313988
0.0299528
0.0142487
0.0347746
0.0682324
0.0607536
0.0106567
0.127805
0.230066
0.00164341
0.371445
0.324988
0.0293536
0.0644899
0.0626757
0.441673
0.0219365
0.263335
0.0369451
0.135879
0.123413
0.0788235
0.118029
0.095235
0.0506324
0.114114
0.0157261
0.0372468
0.248335
0.174103
0.616589
0.79049
0.010062
0.201047
0.184593
0.139829
0.00770451
0.254679
0.0165492
0.0989935
0.229386
0.030354
0.121638
0.0997618
0.103575
0.177735
0.0517091
0.200483
0.00138763
0.0243742
0.0107127
0.235378
0.118581
0.0404474
0.138342
0.0491247
0.0770964
0.234714
0.0605384
0.129679
0.18411
0.00560197
0.38227
0.107415
0.0117413
0.0224224
0.114788
0.158076
0.198928
0.1482
0.0334509
0.030512
0.201245
0.0122784
0.0145752
0.092655
0.107781
0.203109
0.0996132
0.283509
0.131657
0.0639807
0.00931788
0.0556202
0.0451346
0.196646
0.105141
0.0826698
0.066723
0.00230093
0.0396936
0.0186499
0.0634607
0.200874
0.0615988
0.109982
0.0889269
0.0782066
0.0665328
0.157237
0.000518382
0.0245348
0.0823748
0.00268727
0.125882
0.031515
0.36326
0.0936478
0.0892777
0.305785
0.0198024
0.218105
0.246963
0.0578245
0.305105
0.216982
0.245805
0.375098
0.256432
0.104431
0.0496361
0.0812811
0.183173
0.110483
0.154782
0.0111403
0.107517
0.176743
0.000500644
0.165103
0.0511001
0.055803
0.0137279
0.0350851
0.115923
0.0086879
0.074794
0.199789
0.0314819
0.148946
0.0789134
0.0723186
0.503095
0.0529264
0.00307811
0.199675
0.0333659
0.0104548
0.140521
0.141892
0.0333719
0.491419
0.00513113
0.0262374
0.0655397
0.115583
0.0908712
0.795615
0.169458
0.220507
0.0536457
0.133165
0.218508
0.0733888
0.650817
0.295949
0.0129228
0.00165673
0.117685
0.206695
0.00752913
0.0218523
0.0693899
0.00545741
0.0272411
0.0300438
0.138864
0.133664
0.00918081
0.0093101
0.134349
0.248368
0.0814931
0.0433363
0.165691
0.0160159
0.056558
0.0799431
0.314235
0.0162087
0.0280282
0.481822
0.0375325
0.0303449
0.167388
0.116169
0.257944
0.460725
0.0555
0.169535
0.282651
0.414463
0.347415
0.327103
0.214659
0.118793
0.264653
0.0352712
0.126413
0.099128
0.0545237
0.352192
0.0663581
0.537319
0.067574
0.0461902
0.0393035
0.0637689
0.32299
0.018813
0.0247028
0.209219
0.0448357
0.017011
0.125755
0.0189748
0.0291336
0.00630702
0.0243367
0.368709
0.0276857
0.400054
0.108917
0.254137
0.0353194
0.462406
0.153705
0.00516943
0.0101727
0.0290729
0.108585
0.162042
0.0867219
0.362079
0.27873
0.00623669
0.313836
0.0581849
0.206118
0.0979854
0.58113
0.204636
0.139843
0.0879764
0.182254
0.238762
0.172577
0.0300126
0.0583189
0.0379617
0.080934
0.12943
0.0140752
0.0686391
0.130619
0.0996619
0.138277
0.239793
0.0224505
0.0442495
0.392787
0.633262
0.0226223
0.129253
0.00511808
0.0290632
0.1878
0.0925422
0.0256894
0.235522
0.115674
0.247136
0.0100587
0.00490069
0.229811
0.0815646
0.181289
0.249779
0.223777
0.250788
0.0429392
0.429526
0.106743
0.111086
0.576768
0.00547475
0.163309
0.076846
0.100356
0.0364749
0.26965
0.0365155
0.128953
0.182329
0.0220812
0.131055
0.265773
0.129741
0.0962261
0.0813793
0.191232
0.17147
0.213808
0.119444
0.111986
0.00966317
0.108569
0.185329
0.085848
0.0815546
0.148682
0.283817
0.00960046
0.171953
0.121234
0.0588251
0.0941867
0.0221617
0.0585022
0.00338644
0.0897139
0.260374
0.031078
0.161973
0.219233
0.0210824
0.0398782
0.0117813
0.0420533
0.0336054
0.151715
0.023122
0.0790539
0.0854667
0.0839199
0.173774
0.309484
0.202436
0.030765
0.117892
0.155717
0.101723
0.0809368
0.145626
0.020089
0.00403207
0.0323115
0.0157922
0.0016185
0.0878321
0.0531495
0.052176
0.0584316
0.163684
0.0170706
0.0419985
0.00148328
0.111059
0.181535
0.143658
0.165011
0.480841
0.269228
0.64698
0.152623
0.325535
0.286827
0.0559593
0.20535
0.457242
0.32111
0.18549
0.520925
0.0440826
0.0325188
0.15833
0.0235833
0.108371
0.218706
0.00864299
0.00809655
0.0179469
0.0590375
0.085537
0.042944
0.0462048
0.0439306
0.0637294
0.0457145
0.0592895
0.093834
0.0295988
0.0541504
0.107235
0.0607858
0.0613418
0.156263
0.0178931
0.136498
0.0733888
0.243261
0.0180239
0.00363005
0.102817
0.0392333
0.0773886
0.100288
0.0129608
0.000910962
0.016302
0.0956398
0.0246672
0.100053
0.122449
0.26907
0.0266133
0.00913523
0.421331
0.0858041
0.136638
0.0716764
0.134431
0.0581024
0.0980093
0.129699
0.00269769
0.156095
0.0240706
0.0760666
0.112907
0.0144743
0.00920674
0.0206291
0.112623
0.102086
0.0196845
0.283482
0.00478829
0.144092
0.0280796
0.0864424
0.0211623
0.385196
0.257851
0.422102
0.4925
0.0671169
0.293269
0.0835692
0.0365021
0.25494
0.0691375
0.288816
0.0447007
0.0218873
0.158856
0.32528
0.223746
0.00120011
0.297222
0.240261
0.220313
0.0054323
0.00998957
0.00787823
0.0177291
0.0229161
0.217405
0.192257
0.0119412
0.166156
0.0949403
0.0383709
0.146222
0.0801179
0.213082
0.234619
0.14168
0.0188683
0.115082
0.0931316
0.201467
0.0819668
0.091043
0.05764
0.153234
0.0605943
0.11924
0.0135668
0.122784
0.0632505
0.0371865
0.206319
0.0251443
0.0268333
0.0227365
0.127615
0.088404
0.0291122
0.0781799
0.0105098
0.00318272
0.0108475
0.208547
0.122557
0.0107459
0.384318
0.120966
0.110345
0.104954
0.00867179
0.245027
0.00460104
0.0127965
0.0173281
0.134444
0.170479
0.143689
0.0136091
0.0109972
0.0709685
0.152906
0.0918006
0.016609
0.268598
0.197082
0.00927918
0.0760317
0.0371188
0.0613364
0.712428
0.637213
0.106009
0.0642156
0.137683
0.925319
0.00664845
0.208349
0.427875
0.0664483
0.00665953
0.0446123
0.0939911
0.238677
0.117643
0.160688
0.423856
0.0958765
0.0594808
0.0246702
0.016505
0.0796609
0.0143362
0.246734
0.233332
0.0163378
0.0370705
0.0764153
0.00994005
0.28902
0.00483611
0.119925
0.109694
0.285435
0.235884
0.0156045
0.00229269
0.148887
0.0771055
0.0395758
0.0545115
0.692826
0.12047
0.0388573
0.134229
0.00673037
0.104519
0.167634
0.602727
0.103149
0.287512
0.106064
0.420742
0.0239774
0.0112741
0.00728738
0.0510152
0.00200414
0.0217135
0.163781
0.00803052
0.262133
0.15504
0.0425701
0.0267122
0.0115609
0.42928
0.199577
0.000513145
0.0636401
0.140357
0.163252
0.236678
0.316182
0.0220483
0.0368841
0.211894
0.184461
0.341885
0.299664
0.141463
0.225982
0.0713245
0.0096428
0.027006
0.0285236
0.817237
0.140704
0.0728601
0.0663738
0.14234
0.0448032
0.0576916
0.155475
0.291883
0.453407
0.164389
0.69763
0.0387383
0.296374
0.0407988
0.333563
0.292892
0.0312589
0.0333292
0.0148079
0.0513989
0.0581274
0.0985296
0.261698
0.0312776
0.176726
0.00322191
0.0674575
0.0226164
0.248526
0.0151453
0.0556446
0.146234
0.492375
0.253674
0.0657029
0.0392401
0.251235
0.0318386
0.466052
0.209834
0.0333525
0.0576498
0.0379177
0.027138
0.0844778
0.12333
0.0545053
0.318789
0.139365
0.0408034
0.0896745
0.00167126
0.208228
0.0984412
0.0165731
0.166105
0.00680576
0.104913
0.109621
0.0801827
0.186818
0.0489371
0.185691
0.120312
0.00290038
0.0914682
0.297502
0.101826
0.0858669
0.179502
0.0470596
0.114783
0.0389245
0.20372
0.0792958
0.117045
0.0400663
0.0632686
0.192224
0.276822
0.0916254
0.0243098
0.0899186
0.0420157
0.0847755
0.133984
0.613165
0.058457
0.1767
0.135506
0.310464
0.135597
0.24531
0.0882989
0.0462962
0.0164196
0.0129675
0.414986
0.582823
0.204375
0.266531
0.495054
0.371277
0.131371
0.25879
0.2264
0.0204716
0.0159798
0.138339
0.0728958
0.164097
0.148622
0.303099
0.221089
0.142812
0.070105
0.0537676
0.424425
0.230958
0.441463
0.0824957
0.176538
0.21519
0.106957
0.417296
0.172037
0.246143
0.141249
0.171549
0.0571378
0.116343
0.19872
0.139726
0.184394
0.146691
0.0246734
0.0799484
0.0663235
0.103514
0.00265405
0.19661
0.068042
0.0855756
0.0899275
0.188243
0.00963407
0.304992
0.00482061
0.0543554
0.00233847
0.0606045
0.238536
0.351775
0.128451
0.118493
0.131624
0.38068
0.00616574
0.011919
0.0733863
0.0524393
0.223204
0.0607847
0.0859902
0.0108736
0.00703378
0.152768
0.0254931
0.341538
0.390446
0.104849
0.477652
0.253713
0.0509646
0.167052
0.106142
0.485104
0.273805
0.348827
0.0321044
0.208603
0.0694344
0.474693
0.223649
0.652237
0.0693588
0.0852995
0.307961
0.679381
0.450567
0.0216719
0.0610988
0.154547
0.0264982
0.00474116
0.10305
0.0189381
0.107409
0.054341
0.00588991
0.1349
0.00145898
0.107741
0.0105745
0.0481941
0.0864923
0.0930714
0.124794
0.184808
0.000379647
0.0759824
0.185969
0.11138
0.285069
0.0249131
0.0231768
0.00848306
0.0769171
0.225435
0.428773
0.0526752
0.0526667
0.0221438
0.187719
0.00317999
0.122272
0.015884
0.0187795
0.00398597
0.00852643
0.257026
0.100285
0.0335908
0.0939339
0.0641141
0.000864183
0.233129
0.199202
0.0986197
0.138042
0.138314
0.0040666
0.0915457
0.0634679
0.153537
0.0649069
0.0866771
0.0314317
0.0350297
0.0166032
0.104168
0.122729
0.0539734
0.00978965
0.0202487
0.000164095
0.145683
0.570502
0.0906033
0.0871923
0.0713932
0.0538482
0.481516
0.271612
0.161948
0.123011
0.0987684
0.258359
0.268287
0.341292
0.239672
0.230655
0.0359784
0.186206
0.626636
0.0819691
0.127844
0.119962
0.274355
0.0593119
0.142384
0.291285
0.0441496
0.102657
0.0745115
0.092942
0.223556
0.064985
0.128506
0.417143
0.0934458
0.0596632
0.00361896
0.0240887
0.445966
0.189945
0.0805014
0.0375084
0.159806
0.160841
0.124229
0.080556
0.0400479
0.0302557
0.0732855
0.0237303
0.0370114
0.0224403
0.191443
0.285625
0.0146126
0.000764945
0.0776333
0.260589
1.97067e-005
0.288785
0.12788
0.090435
0.040504
0.162512
0.0984041
0.0169486
0.0666307
0.152685
0.130158
0.0128088
0.00174505
0.21441
0.229804
0.108735
0.0775935
0.332234
0.0846384
0.0457798
0.050018
0.21015
0.017703
0.656694
0.174359
0.409648
0.195655
0.250332
0.12859
0.0252693
0.000484578
0.084714
0.3921
0.1376
0.154675
0.168826
0.17177
0.0688671
0.0790114
0.163523
0.185213
0.379217
0.588809
0.0186004
0.116285
0.590828
0.0241474
0.0531747
0.198865
0.112204
0.0142993
0.152798
0.0378184
0.185355
0.148793
0.00174445
0.0137915
0.0577
0.00952475
0.257303
0.00313153
0.0615748
0.0463932
0.0279915
0.0110149
0.04879
0.21788
0.160812
0.0316125
0.236899
0.833285
0.130739
0.0120483
0.0445116
0.0141545
0.20758
0.00446203
0.0698946
0.147196
0.0895003
0.0666168
0.013288
0.0014592
0.138353
0.385499
0.0553941
0.0182187
0.0544216
0.171985
0.049887
0.252753
0.121854
0.14408
0.0566972
0.0387499
0.0906908
0.044159
0.0603067
0.00977032
0.0111612
0.105971
0.0819161
0.0137984
0.112253
0.0963138
0.245092
0.108682
0.091831
0.0554959
0.0233058
0.061313
0.280287
0.335366
0.308245
0.309658
0.0120634
0.0148601
0.0241161
0.0881989
0.361002
0.117105
0.210724
0.00058624
0.0820511
0.0941128
0.0507808
0.00371058
0.404604
0.454208
0.740031
0.297837
0.588442
0.0531237
0.0178789
0.45466
0.144981
0.334039
0.00443212
0.136818
0.392307
0.285737
0.00500048
0.0304558
0.0233367
0.0906415
0.0428872
0.0147664
0.114924
0.0264843
0.151611
0.0216265
0.242102
0.225293
0.0959474
0.0334361
0.0574569
0.464453
0.350869
0.101781
0.0250025
0.0636172
0.112723
0.0175732
0.0322115
0.00919657
0.0332474
0.197052
0.0241428
0.273834
0.324048
0.01439
0.0291666
0.163562
0.0102176
0.0911899
0.022851
0.245807
0.0819849
0.0623957
0.00926124
0.0958772
0.109721
0.0717989
0.223908
0.129731
0.134176
0.0658109
0.201702
0.145898
0.195695
0.0961494
0.0533444
0.0130792
0.00224399
0.471875
0.235719
0.236919
0.0340606
0.38758
0.19449
0.482419
0.386639
0.171068
0.0369797
0.301212
0.103998
0.340278
0.0589655
0.166744
0.567866
0.342014
0.196513
0.310799
0.40244
0.157575
0.448715
0.0689619
0.182764
0.0777363
0.039687
0.189208
0.139561
0.00230893
0.0494093
0.0406394
0.0125755
0.0102397
0.101387
0.0851141
0.189115
0.224407
0.0300158
0.0984995
0.203551
0.0978293
0.280054
0.178216
0.119213
0.0955696
0.0326186
0.0273821
0.0146567
0.0678682
0.0238584
0.0359573
0.0619263
0.132902
0.0504128
0.0215094
0.0318031
0.0123169
0.0410039
0.00531824
0.183365
0.390058
0.158746
0.0972639
0.0803988
0.0960333
0.0250895
0.0397608
0.0246843
0.138265
0.309688
0.393685
0.269111
0.0879765
0.143182
0.0907849
0.137188
0.123884
0.0820942
0.0662375
0.0488539
0.176351
0.0682809
0.0294994
0.241009
0.151804
0.0252713
0.176922
0.0540052
0.361089
0.053906
0.0556923
0.0298437
0.205013
0.0837327
0.0838743
0.117177
0.288503
0.21918
0.195804
0.0502467
0.0738009
0.0419124
0.227466
0.516481
0.404142
0.0857394
0.129333
0.709381
0.288349
0.415476
0.32267
0.213351
0.0510882
0.170216
0.00469391
0.0168344
0.0222521
0.396763
0.162359
0.267333
0.0725786
0.280787
0.0310721
0.0325777
0.524699
0.0635569
0.0291563
0.0684343
0.0833478
0.0289966
0.0687933
0.122212
0.25966
0.178328
0.261812
0.0355392
0.0601916
0.237491
0.0331761
0.0984249
0.0617166
0.380328
0.38243
0.164297
0.202534
0.444143
0.0118488
0.0126732
0.111369
0.109492
0.00994528
0.253645
0.428035
0.412317
0.128182
0.0551279
0.0502063
0.305777
0.0595041
0.19266
0.0717297
0.212254
0.169296
0.226263
0.211116
0.0129044
0.109722
0.0889243
0.108797
0.0537077
0.282264
0.254356
0.0530587
0.155334
0.192812
0.18533
0.215755
0.0056152
0.0702273
0.00915863
0.0151655
0.154013
0.374392
0.149766
0.0949338
0.0882944
0.225538
0.171539
0.0336475
0.26027
0.146783
0.0364435
0.484876
0.135672
0.390798
0.935754
0.17895
0.396388
0.170942
0.0384863
0.0781148
0.168469
0.0784668
0.0413331
0.159911
0.185983
0.20474
0.0879196
0.183332
0.0594888
0.0508961
0.00666602
0.00376482
0.113085
0.451781
0.0532013
0.152491
0.056712
0.00626474
0.148699
0.130875
0.258433
0.406645
0.0293
0.110558
0.156463
0.00995195
0.436519
0.00223189
0.161042
0.360892
0.00335891
0.0388629
0.203086
0.0175701
0.299688
0.0177392
0.11479
0.0233042
0.116595
0.221649
0.040532
0.0303284
0.231625
0.0287524
0.4605
0.466996
0.0196229
0.22236
0.0491348
0.590435
0.294578
0.0518714
0.109635
0.0314563
0.00184852
0.106539
0.0488336
0.243758
0.522211
0.027447
0.0954491
0.233205
0.643967
0.236917
0.128099
0.224415
0.0487263
0.0474469
0.00930454
0.0384887
0.290239
0.2482
0.0950173
0.196507
0.0614638
0.194911
0.152074
0.28171
0.0070339
0.385752
0.253211
0.146273
0.0789909
0.68126
0.131546
0.131588
0.0500963
0.167977
0.00378022
0.169053
0.0214974
0.0609507
0.00538052
0.039326
0.0553539
0.0268055
0.0267851
0.0237218
0.00125981
0.106586
0.00875699
0.0944585
0.0113506
0.035131
0.0193728
0.00422912
0.0445389
0.0022775
0.0206006
0.126166
0.227982
0.0222862
0.0926359
0.0924065
0.236473
0.0391914
0.0469985
0.133492
0.265935
0.194732
0.0676069
0.195173
0.00912055
0.128195
0.0986957
0.104711
0.345962
0.297091
0.00176596
0.0809791
0.0533198
0.1837
0.203048
0.0689382
0.0859258
0.0462957
0.0169863
0.00685421
0.0805507
0.119442
0.0173693
0.0275203
0.164892
0.010474
0.569819
0.021913
0.316107
0.436018
0.0629818
0.586963
0.32877
0.0310525
0.191955
0.132647
0.145032
0.271145
0.115052
0.0743524
0.00348372
0.0556395
0.262029
0.0445989
0.0300279
0.933954
0.194268
0.470347
0.550748
0.811872
0.0401457
0.346449
0.309617
0.0551651
0.0854801
0.167593
0.0443822
0.200398
0.0473445
0.426565
0.177022
0.0863301
0.00704331
0.000385199
0.193087
0.200812
0.17795
0.135059
0.101396
0.0959539
0.112264
0.288828
0.0211382
0.0355259
0.192623
0.114423
0.201027
0.0138696
0.242515
0.0891678
0.186965
0.268659
0.0426842
0.0912923
0.00921187
0.352187
0.0252895
0.0761372
0.0354862
0.0156941
0.110241
0.12006
0.0588413
0.118061
0.398474
0.112252
0.249252
0.0647298
0.445884
0.855099
0.559459
0.224021
0.0372522
0.358208
0.034339
0.0563
0.123263
0.475286
0.0590078
0.0781417
0.00440454
0.0213645
0.159353
0.0184516
0.0739879
0.0343515
0.404309
0.0750885
0.00801885
0.0110391
0.0116672
0.0559935
0.00719106
0.267615
0.0735784
0.311411
0.0874977
0.100372
0.423632
0.628472
0.175777
0.672628
0.552445
0.383391
0.307488
0.503927
0.0172876
0.178551
0.302153
0.099543
0.112189
0.0511346
0.323549
0.218511
0.207314
0.230399
0.0960879
0.136136
0.112143
0.019525
0.0110976
0.25648
0.024417
0.0560721
0.00906124
0.090452
0.104966
0.0532151
0.00725101
0.0136279
0.00297171
0.0347964
0.0956109
0.146029
0.128078
0.375746
0.334472
0.0176477
0.101791
0.058394
0.0767945
0.209367
0.0752535
0.149861
0.0327218
0.0585045
0.00762707
0.0127903
0.31914
0.588663
0.193155
0.672585
0.17146
0.0544934
0.249719
0.236528
0.0185202
0.159254
0.0663357
0.199453
0.186121
0.0109998
0.207559
0.31641
0.184528
0.695492
0.089073
0.076402
0.0585627
0.0680735
0.340434
0.319519
0.64925
0.317639
0.113047
0.0641235
0.00325429
0.0477636
0.130723
0.223853
0.465021
0.00706873
0.025781
0.0102819
0.0694578
0.207847
0.0709672
0.0107186
0.49922
0.719243
0.286251
0.518821
0.0899129
0.114162
0.0795984
0.0367122
0.0427633
0.242188
0.0141138
0.170781
0.244284
0.38034
0.0859218
0.399911
0.0205401
0.0661508
0.298854
0.251849
0.129385
0.115635
0.0428703
0.0625536
0.0337803
0.367701
0.0914561
0.114612
0.0559967
0.248669
0.0637914
0.00925381
0.0972971
0.257523
0.002951
0.225291
0.000905622
0.178563
0.0307713
0.076358
0.0474471
0.137722
0.00854674
0.0313796
0.294712
0.515085
0.286036
0.0734699
0.380123
0.943057
0.62445
0.412846
0.0184402
0.0209797
0.093039
0.267748
0.040506
0.00625941
0.0812926
0.0833742
0.0203891
0.0197795
0.198795
0.30351
0.0792886
0.531766
0.315068
0.296214
0.294085
0.968909
0.100343
0.124588
0.154151
0.102424
0.306797
0.0329024
0.175006
0.373424
0.189467
0.0193967
0.222837
0.319318
0.0810068
0.0176357
0.0142069
0.226852
0.143606
0.382527
0.22624
0.492746
0.261514
0.00796939
0.235197
0.2651
0.0847926
0.636097
0.0145487
0.0431943
0.009841
0.0597484
0.0184218
0.0601344
0.0322986
0.569505
0.0737685
0.0646106
0.260039
0.168056
0.00446698
0.435973
0.240751
0.182295
0.00430259
0.0545654
0.0693382
0.00387301
0.00200903
0.0202123
0.0890732
0.0732184
0.0137803
0.128288
0.105992
0.00644618
0.028658
0.379995
0.010655
0.212334
0.119712
0.0532255
0.25594
0.41746
0.0270421
0.0745257
0.0985308
0.171768
0.101716
0.0228026
1.08547
0.0328127
0.0301299
0.256818
0.333286
0.362458
0.131654
0.180714
0.0294851
0.0179092
0.48742
0.199932
0.318717
0.230106
0.111409
0.218302
0.0634701
0.366385
0.0439689
0.306561
0.560132
0.301433
0.437157
0.742862
0.269114
0.0492756
0.268125
0.200873
0.121031
0.504687
0.250245
0.316426
0.0101662
0.444988
0.0157058
0.0131768
0.41199
0.439943
0.114393
0.0854552
0.2459
0.0890316
0.109057
0.177544
0.0734371
0.00554742
0.0285323
0.034354
0.0357505
0.028019
0.0327844
0.015117
0.00344451
0.171656
0.0812923
0.242205
0.0936451
0.131662
0.208279
0.0574797
0.000223589
0.0132316
0.111303
0.0819341
0.0594826
0.0194518
0.241521
0.157849
0.00128191
0.0893969
0.0118497
0.354813
0.00594314
0.0406342
0.212039
0.00423991
0.100732
0.132943
0.0926954
0.368685
0.0460054
0.0423703
0.00696249
0.310913
0.449022
0.100218
0.308285
0.200025
0.267089
0.474918
0.194192
0.126923
0.263284
0.0901497
0.14414
0.279555
0.112604
0.083173
0.298532
0.821691
0.349459
0.102677
0.185818
0.0228323
0.488546
0.00494311
0.333908
0.377112
0.434878
0.262162
0.0336124
0.202654
0.107468
0.0848726
0.0232722
0.261709
0.192665
0.020287
3.29497e-005
0.0380148
0.00140565
0.0319605
0.402541
0.409573
0.393489
0.0628852
0.325401
0.333644
0.749859
0.363833
0.0566192
0.0771352
0.0819959
0.148995
0.100262
0.0256153
0.0660393
0.0153971
0.403715
0.277656
0.0428319
0.173707
0.00964169
0.0507952
0.0471365
0.0764249
0.0551437
0.139533
0.0318884
0.0176379
0.0676818
0.0579363
0.0793592
0.0357981
0.0487097
0.118303
0.0387885
0.122687
0.129062
0.00345243
0.398793
0.0806784
0.401433
0.123121
0.12588
0.0661365
0.32475
0.0550853
0.21125
0.248308
0.0810519
0.166319
0.0801036
0.00417655
0.334134
1.01393
0.377201
0.0192905
0.663788
0.0737935
0.0297406
0.228552
0.0329809
0.143654
0.36292
0.0406701
0.309231
0.117566
0.202397
0.179491
0.174309
0.0672676
0.229493
0.00179448
0.213194
0.0228618
0.290533
0.740231
0.348723
0.121252
0.137067
0.266094
0.35021
0.0988067
0.020322
0.0557434
0.0989836
0.0373059
0.227442
0.0637585
0.116869
0.411573
0.476951
0.204235
0.186471
0.375861
0.171465
0.184517
0.101582
0.0367518
0.133804
0.372266
0.036162
0.0372091
0.0190207
0.223269
0.0109794
0.0611506
0.0294173
0.027545
0.00564542
0.0177907
0.0594803
0.0105553
0.0462165
0.471557
0.149354
0.0752219
0.0200377
0.0654147
0.0436661
0.0144744
0.00999786
0.00695491
0.0654457
0.136783
0.0560766
0.0994074
0.500969
0.370872
0.0496641
0.387673
0.258417
0.39758
0.218197
0.369974
0.677352
0.15083
0.169287
0.10938
0.363442
0.326233
0.173763
0.243277
0.511716
0.157474
0.0575396
0.0574817
0.110601
0.0480623
0.233317
0.254572
0.306152
0.322938
0.157144
0.167022
0.371166
0.0771129
0.43034
0.0697373
0.0505747
0.107501
0.0680498
0.181599
0.168404
0.0122576
0.240787
0.129229
0.0327363
0.216079
0.177834
0.413361
0.197924
0.271863
0.23506
0.0124568
0.259523
0.0228572
0.0250081
0.0061934
0.0438902
0.0361502
0.00570896
0.039182
0.0194061
0.0956155
0.00341747
0.0637477
0.0272198
0.0209932
0.0573488
0.0138454
0.283674
0.0403024
0.0222038
0.0104392
0.103631
8.49386e-005
0.0773036
0.0153342
0.305748
0.020342
0.176738
0.109909
0.140031
0.0594485
0.00220605
0.0170424
0.104222
0.177006
0.0330843
0.0770648
0.0544705
0.180735
0.326401
0.39656
0.303165
0.0342824
0.22152
0.163357
0.00632313
0.634444
0.159096
0.226233
0.143922
0.00457244
0.0231081
0.0534249
0.049103
0.10249
0.0271627
0.174271
0.120349
0.219989
0.0753233
0.43956
0.0328598
0.048441
0.507614
0.00394287
0.0132003
0.307341
0.181291
0.163342
0.0107603
0.0304704
0.00621179
0.0860271
0.0115412
0.0773531
0.0812961
0.0780282
0.248906
0.0619066
0.151013
0.0671944
0.116318
0.111985
0.0512382
0.0534307
0.220084
0.0591072
0.128977
0.0993359
0.0182263
0.0750401
0.0105462
0.263748
0.113475
0.211714
0.0832812
0.0408864
0.148517
0.156804
0.128456
0.0242115
0.100831
0.138704
0.0706686
0.141327
0.0161575
0.152192
0.0207073
0.252005
0.00789819
0.0105069
0.0166252
0.0551037
0.00425292
0.177442
0.090527
0.0528486
0.0346384
0.156792
0.317324
0.244363
0.126012
0.296474
0.0940606
0.120148
0.0104682
0.39147
0.105549
0.143834
0.0574797
0.828038
0.0658566
0.171271
0.0964102
0.0432283
0.344572
0.018769
0.0115309
0.156377
0.0169699
0.49517
0.182744
0.0292183
0.296697
0.123262
0.0233109
0.488826
0.225131
0.539146
0.870171
0.224596
0.161506
0.0336604
0.00873616
0.117999
0.0261877
0.0803477
0.498607
0.0485022
0.051007
0.0404589
0.276843
0.101458
0.0297525
0.0789125
0.0181593
0.00404323
0.118899
0.0268335
0.14084
0.345992
0.240955
0.133642
0.187672
0.179086
0.168102
0.290088
0.0429201
0.00579001
0.0149406
0.00726973
0.0625577
0.141449
0.00300976
0.162769
0.142177
0.0351033
0.031584
0.0744579
0.0124086
0.0896376
0.0484871
0.0035544
0.0832045
0.0037158
0.0129493
0.0027579
0.164997
0.0210742
0.0732147
0.147839
0.00696999
0.0461244
0.25268
0.304217
0.0987456
0.173901
0.0685477
0.324594
0.0325134
0.116295
0.399248
0.329663
0.177093
0.0227632
0.123846
0.286066
0.213889
0.22551
0.00214188
0.039419
0.00387532
0.17857
0.251705
0.719456
0.148283
0.164906
0.24912
0.0645423
0.193269
0.214196
0.0150432
0.171772
0.0907405
0.325123
0.0138611
0.0989196
0.0549255
0.0144807
0.0161336
0.151581
0.114164
0.0505224
0.201102
0.0739602
0.00308111
0.556713
0.725463
0.0835988
0.0407211
0.170524
0.0537953
0.449967
0.0270587
0.211633
0.0262026
0.0759138
0.123861
0.4514
0.0377162
0.0525923
0.187487
0.0134209
0.390004
0.155304
0.0380291
0.044746
0.0692965
0.0864639
0.208132
0.393356
0.0864645
0.0187072
0.00331416
0.0367765
0.0451214
0.0128305
0.109665
0.116079
0.215216
0.162114
0.0135479
0.0789495
0.119221
0.078482
0.0277421
0.0747625
0.0273726
0.0257684
0.476834
0.108094
0.0667024
0.12967
0.00658845
0.105347
0.179313
0.0355149
0.455639
0.0527815
0.905896
0.374039
0.0630114
0.130743
0.218203
0.0629466
0.12455
0.164137
0.185436
0.482368
0.592665
0.471523
0.327704
0.450296
0.366396
1.02862
0.64517
0.0346343
0.0492942
0.356431
0.737073
0.556413
0.0707062
0.136422
0.20248
0.168105
0.201932
0.0711119
0.0379982
0.308874
0.00312671
0.266167
0.078442
0.107498
0.110951
0.00229234
0.0247998
0.222402
0.341078
0.05811
0.0380582
0.078471
0.311982
0.180644
0.0766128
0.30199
0.654092
0.180446
0.00225968
0.0913092
0.00806758
0.251052
0.200042
0.216061
0.0135437
0.0404965
0.155148
0.188761
0.137555
0.0145465
0.0137368
0.0674571
0.0753674
0.00475384
0.0127606
0.0323825
0.116005
0.0416802
0.0138957
0.00934296
0.0438607
0.0428979
0.00722923
0.0605163
0.121103
0.0245164
0.179693
0.340249
0.0164934
0.0516858
0.149873
0.0187209
0.0197215
0.0684261
0.417771
0.285424
0.602631
0.0835506
0.05825
0.070478
0.0129374
0.0108134
0.0290847
0.305175
0.459984
0.41867
0.198016
0.427674
0.512675
0.554705
0.304881
0.505173
0.365869
0.16261
0.161827
0.243463
0.239178
0.643925
0.278154
0.207365
0.0199636
0.12551
0.0503792
0.113308
0.113308
0.10402
0.0311875
0.0780419
0.151998
0.257401
0.0717524
0.0288655
0.179503
0.0334848
0.441217
0.387242
0.0797847
0.0173059
0.0405983
0.105855
0.160273
0.149317
0.00532392
0.159327
0.0630637
0.0625132
0.0201057
0.327736
0.0162086
0.120542
0.0148363
0.0229922
0.00974246
0.0399301
0.0194188
0.0307482
0.250445
0.0116603
0.0148685
0.197432
0.0886955
0.504879
0.17757
0.0981422
0.0396488
0.120082
0.0857486
0.0239328
0.0294162
0.0932913
0.0316952
0.134996
0.494423
0.250281
0.344191
0.198014
0.110879
0.011482
0.0122312
0.0165766
0.153912
0.347021
0.532913
0.107777
0.0160965
0.0577229
0.108839
0.129998
0.169375
0.248378
0.723615
0.887693
0.359217
0.71266
0.341578
0.450376
0.691449
1.04703
0.488652
0.363804
0.330623
0.0708847
0.0361186
0.14615
0.037986
0.238092
0.0549536
0.310477
0.155452
0.0462101
0.231514
0.104722
0.198255
0.0622816
0.019824
0.119703
0.425903
0.336741
0.0899135
0.123303
0.0133591
0.267862
0.034114
0.324221
0.00417143
0.28844
0.0896432
0.00336482
0.0336788
0.0232928
0.065213
0.155123
0.232279
0.259617
0.0265359
0.0894049
0.0843626
0.0874578
0.0584941
0.195189
0.220729
0.386776
0.231375
0.0714195
0.042584
0.0318888
0.0952594
0.0236263
0.55175
0.185544
0.0989214
0.098966
0.0867569
0.185098
0.0613336
0.0358286
0.0499872
0.267883
0.21538
0.0474335
0.661067
0.916347
0.033618
0.532999
0.423672
0.421151
0.213046
0.0230741
0.352332
0.0754899
0.0267821
0.0947343
0.303305
0.569521
0.0601994
0.475943
0.816706
0.704993
0.63758
0.649853
0.346375
0.478717
0.744873
0.393765
0.223561
0.184433
0.529662
0.161272
0.114437
0.0907237
0.348907
0.543332
0.0228549
0.123025
0.0592231
0.147959
0.0736609
0.204398
0.0615892
0.175262
0.265831
0.0401081
0.0761691
0.25753
0.190864
0.656681
0.0317335
0.266381
0.313251
0.162346
0.153581
0.222014
0.200998
0.441515
0.0361118
0.112509
0.0594576
0.0148014
0.037643
0.154744
0.159867
0.131526
0.014026
0.0256541
0.0579806
0.185025
0.127854
0.379733
0.0211425
0.044406
0.055191
0.263938
0.0681692
0.0815521
0.357038
0.0446829
0.730231
0.0159595
0.081889
0.199899
0.176789
0.296199
0.108971
0.0389767
0.120177
0.014242
0.0345644
0.0317881
0.165254
0.00608655
0.099043
0.141662
0.0906073
0.0529885
0.334041
0.161201
0.320483
0.0492966
0.151531
0.279503
0.0235317
0.213377
0.130281
0.195525
0.0452159
0.223676
0.272891
0.196984
0.110376
0.259213
0.559044
0.697643
0.527664
0.276394
0.0247942
0.0867486
0.0958515
0.0488307
0.071932
0.080864
0.153438
0.0120763
0.24364
0.0895663
0.269606
0.142006
0.298328
0.203745
0.0274943
0.0365233
0.325792
0.042693
0.355873
0.261787
0.208747
0.0218328
0.0720697
0.23887
0.470191
0.0100966
0.486825
0.196239
0.0234712
0.270129
0.0539282
0.202404
0.000524237
0.0564861
0.00647287
0.0840561
0.0482648
0.260367
0.0766386
0.0604751
0.0774912
0.00314978
0.000395268
0.0590069
0.0189987
0.0582645
0.177017
0.148826
0.319907
0.0417561
0.00701762
0.118685
0.0179065
0.0879691
0.0311456
0.00549807
0.0780305
0.0134793
0.0575546
0.100384
0.184659
0.0861164
0.0871756
0.0327432
0.0681393
0.132668
0.0573945
0.0519975
0.713465
0.114251
0.13642
0.13149
0.180961
0.209497
0.105316
0.298471
0.00328569
0.234285
1.31939e-012
0.107434
0.241795
0.17676
0.0791757
0.197863
1.12363
0.27945
0.0310303
0.0981696
0.037426
0.0380523
0.040107
0.463943
0.00203763
0.342949
0.00756052
0.13947
0.109021
0.217565
0.020844
0.226244
0.0827996
0.132236
0.295563
0.165897
0.228725
0.54586
0.352779
0.0443588
0.0683939
0.0880775
0.336994
0.0570869
0.387138
0.102325
0.0419116
0.00306283
0.165649
0.152143
0.149097
0.0135711
0.316542
0.0102336
0.436392
0.053924
0.0210065
0.0123764
0.0963972
0.0259052
0.0359137
0.0124525
0.0606011
0.0755152
0.0613148
0.119528
0.0797025
0.0096921
0.032856
0.0383743
0.12687
0.0847815
0.0899796
0.0501257
0.0137952
0.0549798
0.127593
0.110912
0.104217
0.0619276
0.349977
0.191214
0.167525
0.012496
0.14501
0.199408
0.299315
0.0948515
0.120124
0.53726
0.123968
0.0489443
0.329071
0.0909509
0.00100708
0.138421
0.55408
0.55408
0.55408
0.55408
0.00268213
0.217385
0.384705
0.227272
0.110422
0.0400912
0.310708
0.00333296
0.251212
0.314464
0.0973019
0.187195
0.0248957
0.0152278
0.0104099
0.055827
0.00883603
0.217011
0.0547419
0.106568
0.0862039
0.147828
0.308283
0.453986
0.409801
0.163358
0.0301991
0.030027
0.266366
0.134655
0.0317236
0.20303
0.0533044
0.1064
0.0541941
0.0396949
0.0688227
0.0953666
0.0359415
0.201962
0.0541182
0.0309483
0.172311
0.0285118
0.00836458
0.227713
0.0205856
0.293293
0.0106223
0.0633493
0.0685172
0.169414
0.3567
0.0402122
0.040313
0.0656599
0.0122123
0.0413704
0.226397
0.0432461
0.109565
0.251441
0.00916113
0.0989505
0.100123
0.109522
0.21938
0.105855
0.0128349
0.0846904
0.0248933
0.0413205
0.256291
0.204556
0.112816
0.159518
0.00717793
0.0762927
0.628052
0.00395619
0.160552
0.121518
0.482518
0.482518
0.482518
0.482518
0.0130979
0.0146227
0.0145838
0.1637
0.104971
0.0361048
0.118543
0.199346
0.293437
0.116346
0.310671
0.168508
0.257735
0.0376257
0.0611501
0.0625061
0.0981368
0.015747
0.590333
0.0771379
0.0344696
0.178805
0.215004
0.591245
0.454224
0.202824
0.103138
0.0298921
0.252349
0.0509953
0.264243
0.118307
0.0301883
0.123704
0.034117
0.0510669
0.321
0.0836324
0.0325826
0.105945
0.0339437
0.0468129
0.0253136
0.0292102
0.0620317
0.15251
0.0701914
0.144325
0.0482715
0.161215
0.105653
0.0446757
0.236497
0.219139
0.0583279
0.0946814
0.315252
0.0780743
0.0777602
0.0460239
0.00579342
0.190649
0.0114829
0.0871894
0.814225
0.179579
0.125598
0.0482102
0.0566298
0.00577644
0.00276099
0.0446663
0.0571119
0.0255207
0.381159
0.111482
0.265764
0.248826
0.261697
0.218157
0.761809
5.15487e-013
5.15487e-013
5.15487e-013
5.15487e-013
5.15487e-013
0.134402
0.0978272
0.330815
0.0575354
0.663583
0.113351
0.0340993
0.000181658
0.0582133
0.0101765
0.198478
0.0796028
0.0654323
0.0333589
0.0761529
0.0178835
0.0330181
0.069154
0.109341
0.126403
0.0581549
0.268553
0.011468
0.505917
0.466069
0.161837
0.0431913
0.166928
0.0918487
0.285423
0.185591
0.226597
0.151635
0.0585353
0.265514
0.212012
0.098495
0.166431
0.162903
0.00033884
0.0177953
0.0283716
0.0249541
0.177374
0.0080828
0.0486178
0.0427291
0.117892
0.102203
0.0860576
0.159934
0.0611059
0.00651999
0.093112
0.0534163
0.0293657
0.0361148
0.0324348
0.13082
0.0334499
0.28779
0.057341
0.290715
0.736309
0.09239
0.402766
0.0116202
0.122233
0.0104879
0.0895816
0.091003
0.00858275
0.181868
0.0390486
0.302773
0.377748
0.792375
0.307299
0.00614353
0.0325042
0.210368
5.15487e-013
0.162143
0.140163
0.336398
5.15487e-013
0.147319
0.122015
0.279271
0.0179284
0.341933
0.143539
0.0532066
0.141036
0.0583827
0.233851
0.237629
0.0751631
0.515375
0.330488
0.25214
0.0203004
0.0392266
0.143888
0.0807614
0.00438845
0.0410478
0.00692685
0.653028
0.0617612
0.600351
0.0684008
0.024846
0.256148
0.199599
0.162744
0.21155
0.069868
0.016973
0.0411306
0.0710821
0.0688804
0.0369135
0.0454711
0.0276885
0.0201467
0.0140264
0.0247022
0.0168283
0.107748
0.00457044
0.123147
0.00346625
0.248611
0.0427678
0.074798
0.11555
0.0520299
0.0237829
0.032723
0.129199
0.0776987
0.112957
0.0401261
0.263168
0.0588813
0.00363669
0.123856
0.670815
0.0105285
0.0344858
0.134316
0.0167686
0.0102009
0.067925
0.147318
0.0357794
0.00762616
0.666198
0.0526615
0.0144038
0.0107272
0.323924
0.263258
0.374237
0.0823366
0.269718
0.162143
7.52098e-005
0.0149086
0.197369
0.482518
0.482518
0.0446459
0.217696
0.225377
0.402161
0.0592619
0.0363805
0.0912391
0.656764
0.213911
0.539074
0.21322
0.166685
0.131266
0.273797
0.206013
0.21261
0.0269901
0.0982262
0.0244774
0.550886
0.173077
0.142617
0.20136
0.0259525
0.736516
0.0972785
0.00303041
0.0426692
0.0115426
0.0224767
0.0281746
0.0542696
0.314317
0.182262
0.184477
0.0139597
0.00116755
0.041457
0.119576
0.00210712
0.00677989
0.0144263
0.0861138
0.0272406
0.0490663
0.0369217
0.0454426
0.163481
0.0623454
0.0198688
0.0657195
0.112981
0.0187298
0.0190803
0.00442336
0.0797885
0.0506231
0.0783338
0.0590926
0.0821153
0.471928
0.321888
0.0354092
0.150643
0.158826
0.354254
0.210841
0.0621937
0.162678
0.00894898
0.00892745
0.642146
0.0578152
0.258032
0.374058
0.370788
0.512481
0.665284
0.233167
0.131801
0.120843
0.0149458
0.0244715
0.367536
1.61382
1.61382
0.468592
0.0253285
0.122893
0.0263355
0.0600533
0.0442223
0.0730734
0.234496
0.0242609
0.0573565
0.249089
0.0187107
0.195638
0.00685672
0.280072
0.0300273
0.00989499
0.592476
0.702302
0.277683
0.136136
0.213479
0.457217
0.0546295
0.0591644
0.0404721
0.194751
0.0133773
0.0876963
0.0469466
0.0730508
0.0720111
0.116717
0.60939
0.211898
0.162641
0.0799274
0.00728771
0.0750729
0.263175
0.0319461
0.120481
0.0128789
0.0443642
0.0035268
0.0189717
0.00292451
0.0655449
0.151787
0.0442662
0.0697222
0.044549
0.0994923
0.120274
0.079631
0.12707
0.187875
0.199885
0.0828673
0.136585
0.322865
0.27561
0.00682592
0.229372
0.460762
0.0728434
0.0947299
0.0823581
0.0668036
0.40204
0.519639
0.121471
0.392386
0.0346218
0.0454356
0.0530133
0.0790702
0.0650599
0.496165
0.154592
0.435468
0.105531
0.272774
0.0618677
0.482518
0.482518
0.130688
0.0413876
0.270723
0.00676319
0.0107742
0.275202
0.0849934
0.0197745
0.166696
0.0226732
0.388337
0.0534915
0.195528
0.0787681
0.00219642
0.317335
0.173683
0.259539
0.0974699
0.017829
0.126213
1.16826
0.140675
0.0282445
0.0158259
0.0747508
0.0384402
0.0488693
0.00971519
0.00189331
0.120564
0.087204
0.101322
0.155329
0.0195684
0.200216
0.285671
0.00886759
0.255318
0.0475058
0.105475
0.0400513
0.123986
0.0975104
0.108384
0.0888578
0.036086
0.0195172
0.194201
0.200302
0.0221921
0.130387
0.0450675
0.0564085
0.010025
0.0711629
0.00138768
0.257884
0.0607853
0.328222
0.252221
0.878069
0.185852
0.00152103
0.0574983
0.149574
0.428677
0.0268766
0.225131
0.304641
0.18742
0.0689463
0.0335204
0.0345672
0.0447069
0.0375847
0.0287515
0.324996
0.419011
0.110957
0.0718283
0.0671583
0.450597
0.180622
0.0907535
0.148669
0.325399
0.0895407
0.0921618
0.0864795
0.142391
0.0511002
0.0227645
0.0721763
0.0122596
0.0439158
0.0315307
0.0314613
0.061691
0.0757702
0.00155276
0.177057
0.281047
0.045016
0.14153
0.0537008
0.840824
0.209656
0.131892
0.0105225
0.154
0.00030008
0.0962273
0.0312827
0.153297
0.142501
0.0205619
0.0637227
0.0648912
0.0913832
0.0474314
0.0309981
0.106565
0.20919
0.230055
0.0327054
0.117805
0.105842
0.122498
0.0159108
0.0376783
0.179894
0.0654832
0.201154
0.405287
0.178526
0.262031
0.0692162
0.206976
0.0190701
0.136059
0.177171
0.131638
0.23845
0.246367
0.0186909
0.0847671
0.0339629
0.0462728
0.0216653
0.314723
0.37099
0.20607
0.0809642
0.191699
0.554081
0.0584699
0.112772
0.343498
0.0107807
0.0339309
0.654059
0.25341
0.272558
0.364981
0.188063
0.0634668
0.290597
0.038579
0.213359
0.351277
0.211014
0.319323
0.563347
0.19171
0.0389248
0.0223572
0.133795
0.0222261
0.0387556
0.015346
0.0181133
0.131346
0.0205725
0.0653274
0.453415
0.260988
0.419729
0.010201
0.0264359
0.315824
0.206812
0.463466
0.0402542
0.0451177
0.218056
0.332934
0.165651
0.0511928
0.055397
0.0106298
0.211592
0.0905642
0.0381478
0.0506386
0.0235899
0.149238
0.00486451
0.257584
0.0667106
0.0191581
0.393089
0.147654
0.250151
0.0150877
0.201658
0.0147419
0.0202348
0.0607723
0.0544351
0.0248133
0.0116943
0.0251546
0.0800124
0.0305794
0.0410283
0.0315307
0.225721
0.272828
0.141872
0.0980972
0.0726824
0.157208
0.613473
0.0489011
0.446134
0.139195
0.536726
0.553385
0.11368
0.121518
0.482518
0.0495528
0.0226138
0.0721257
0.377591
0.340186
0.956769
0.362022
0.474738
0.403113
0.0210135
0.279114
0.0616807
0.197891
0.210203
0.218232
0.28042
0.391309
0.53342
0.0252022
0.0092861
0.46129
0.0631662
0.0572767
0.00635671
0.222184
0.154558
0.0258843
0.00720724
0.0330046
0.0276662
0.0561882
0.00505974
0.00818181
0.114617
0.0709437
0.462088
0.24072
0.360673
0.248641
0.00689218
0.185313
0.210692
0.0355714
0.0968974
0.129783
0.0968579
0.0328813
0.0459309
0.0647719
0.0132183
0.034401
0.00532766
0.0751859
0.0416501
0.179731
0.00557077
0.135543
0.0566413
0.14521
0.0288783
0.0878802
0.0540251
0.181458
0.0155485
0.037827
0.000792033
0.204575
0.212027
0.360762
0.459175
0.0644063
0.0434688
0.0526826
0.306358
0.0294381
0.538801
0.174129
0.00532356
0.594018
0.15022
0.0959508
0.0205794
0.00798513
0.365996
0.400025
0.216692
0.288377
0.106975
0.412743
0.0319023
0.0416967
0.482518
0.396353
0.228807
0.624316
0.0354163
0.0141702
0.139492
0.473137
0.177915
0.127071
0.0745591
0.050736
0.213799
0.0488931
0.173479
0.435602
0.428619
0.0231125
0.148673
0.43273
0.22253
0.130477
0.00449207
0.0036782
0.00083396
0.0854688
0.0584089
0.00670888
0.124005
0.205501
0.12594
0.339585
0.101095
0.268018
0.0111559
0.0241353
0.00246642
0.136246
0.219624
0.0444408
0.0674634
0.0415364
0.0378846
0.0206925
0.311978
0.0155803
0.088605
0.218654
0.458381
0.00149554
0.0753438
0.0823215
0.0236252
0.0353468
0.0721221
0.182293
0.0845832
0.111188
0.0255255
0.481993
0.0970137
0.0420996
0.0640028
0.0112536
0.0518607
0.180782
0.0145306
0.00566354
0.159226
0.0152221
0.405676
0.118111
0.134249
0.215917
0.36797
0.247803
0.0577695
0.0801222
0.437352
0.160227
0.0588828
0.0494395
0.157328
0.149182
0.329624
0.234787
0.803185
0.104336
0.293308
0.369591
0.053058
0.136463
0.0184508
0.886384
0.0938932
0.128152
0.0663379
0.0124227
0.302538
0.0644351
0.136148
0.231389
0.0919639
0.296886
0.0116766
0.0272444
0.171355
0.159611
0.30134
0.158905
0.00373238
0.142874
0.031803
0.224157
0.264578
0.513262
0.149775
0.172751
0.15491
0.126992
0.264754
0.224004
0.11294
0.0970563
0.211578
0.0376562
0.00146617
0.13732
0.290702
0.0743418
0.0167519
0.00590327
0.0412768
0.288085
0.223685
0.0957388
0.00466134
0.072451
0.0897177
0.0077864
0.00327155
0.087561
0.0149768
0.030191
0.0007205
0.0727483
0.00734943
0.0558826
0.0882739
0.0176875
0.289435
0.147693
0.0834545
0.0624251
0.046135
0.0331559
0.064091
0.443217
0.805101
0.129483
0.237584
0.0924134
0.00855685
0.00541893
0.240515
0.355334
0.0119289
0.0053774
0.0790462
0.115999
0.55408
0.0603089
0.156006
0.224421
0.0724448
0.0530088
0.130013
0.115069
0.0486926
0.342578
0.20885
7.86427e-013
0.554083
0.482518
0.269443
0.0192758
0.237133
0.315437
0.193567
0.107036
7.86427e-013
0.0262231
0.0300457
0.0198752
0.207274
0.500795
0.113474
0.127727
0.0400782
0.0961197
0.135403
0.119325
0.275349
0.117399
0.193232
0.0443944
0.000385925
0.191976
0.312649
0.00529712
0.0598587
0.0780814
0.00805713
0.0648377
0.0474097
0.257006
0.137364
0.106569
0.0908288
0.134471
0.189619
0.218565
0.0926136
0.0237434
0.040521
0.49929
0.0101758
0.0402409
0.0426895
0.0258981
0.00381173
0.0322901
0.0735163
0.202547
0.0295658
0.374567
0.0123902
0.253656
0.0831452
0.0663934
0.222809
0.0299897
0.229257
0.12962
0.325587
0.462329
0.0423753
0.180382
0.039594
0.532309
0.455607
0.371843
0.397018
0.0369618
0.0141311
0.152706
0.0617715
0.00099099
0.151477
0.984981
0.593537
0.0237765
0.119228
0.185874
0.148286
0.043656
0.128701
0.121521
0.138773
0.095918
0.44738
0.0584482
0.122991
0.405286
0.114043
0.124796
7.86427e-013
0.0110091
0.00231662
0.158567
0.0285133
0.451577
0.065969
0.20924
0.013552
0.04652
0.116849
0.00706951
0.0855278
0.39561
0.199067
0.059178
0.0246534
0.264606
0.0638394
0.0483157
0.137072
0.0424038
0.221303
0.252436
0.299438
0.00289497
0.0593353
0.543327
0.186091
0.225554
0.0637261
0.0358207
0.0815238
0.198004
0.000450159
0.02297
0.0560947
0.0346667
0.0504241
0.0145484
0.0212797
0.0874796
0.00643544
0.0348503
0.0577092
0.053321
0.0216286
0.0325236
0.144076
0.13949
0.0115594
0.404016
0.218402
0.205428
0.581473
0.00912213
0.395432
0.0656124
0.618342
0.0712891
0.203764
0.0572202
0.741667
0.135481
0.0948046
0.340192
0.156383
0.137739
0.0917484
0.26026
0.00366979
0.0224691
7.84266e-013
0.127236
0.134614
0.0916785
0.118159
0.283163
0.0986414
0.0282798
0.114957
0.246393
0.0703693
0.00224622
0.67353
0.0260798
7.86427e-013
0.119229
0.00137803
0.231776
0.219592
0.205476
0.0423184
0.100075
0.0754519
0.061746
0.171507
0.0565341
0.1139
0.0683142
0.0688522
0.323682
0.0683677
0.0892707
0.0391849
0.100853
0.262093
0.0186355
0.534771
0.0969489
0.0203711
0.0837413
0.0946255
0.531186
0.348734
0.561099
0.256086
0.2469
0.0460043
0.0887833
0.221777
0.0644582
0.116254
0.016057
0.219343
0.183812
0.0414932
0.0254541
0.0313295
0.168098
0.0905057
0.139446
0.0740997
0.0867226
0.00457109
0.0160407
0.15867
0.160218
0.0562312
0.370072
0.0415322
0.0952991
0.279476
0.0290872
0.151151
0.492298
0.132059
0.397306
0.145819
0.0536359
0.0172306
0.0142856
0.524913
0.105072
0.125631
0.229776
0.174332
0.177265
0.0551421
0.0619418
0.005035
0.0460184
0.180866
0.167036
0.0994147
0.177627
0.0383551
0.0108849
0.203787
0.123257
0.431241
0.000822073
0.566788
0.20799
0.283163
0.803185
0.00370349
0.11003
0.0315486
0.0239439
0.244389
0.17409
0.195467
0.25283
0.188082
0.027507
0.0299341
0.0423472
0.0517784
0.000434541
0.0785687
0.0206397
0.0177027
0.100109
0.318465
0.15817
0.0900425
0.0366595
0.0959581
0.0854845
0.138217
0.0370959
0.148386
0.292428
0.154022
0.163224
0.127103
0.0621538
0.154057
0.0629018
0.0202572
0.0404821
0.0982263
0.0436515
0.128984
0.0122663
0.232741
0.0840243
0.110071
0.0117021
0.0758205
0.0270652
0.111544
0.0820606
0.0588273
0.183613
0.0283117
0.193787
0.0176382
0.101787
0.30955
0.219904
0.1256
0.482518
0.329344
0.47267
0.713498
0.334672
0.231425
0.544926
0.585619
0.482518
0.0345409
0.0135692
0.158554
0.191702
0.000916976
0.611131
0.0725424
0.100404
0.238652
0.114874
0.100197
0.000955642
0.40557
0.522599
0.383332
0.317144
0.370203
0.00724679
0.0868533
0.147318
0.146464
0.124784
0.0962266
0.124688
0.116483
0.0393566
0.0692011
0.210807
0.0567249
0.0298212
0.0486117
0.0682375
0.138802
0.168211
0.057413
0.0506393
0.0102548
0.0466975
0.27021
0.0309775
0.391745
0.0118975
0.0184149
0.0574096
0.145315
0.482469
0.181602
0.0245643
0.23561
0.331681
0.0191335
0.010044
0.034121
0.141618
0.0252436
0.0155791
0.0438999
0.0344902
0.155664
0.000895262
0.123109
0.00157489
0.430447
0.279901
0.140239
0.337547
0.0815039
0.0921043
0.116863
0.710461
0.497472
0.3485
0.2244
0.0573123
0.013539
0.370836
0.0689638
0.429384
0.538144
0.455007
0.68477
0.185128
0.0208986
0.415981
1.61382
1.61382
0.366897
0.040547
0.156339
0.165176
0.0190096
0.00232803
0.140965
0.101491
0.0229409
0.0187004
0.37812
0.588852
0.202703
0.679951
0.385505
0.113398
0.293861
0.606168
0.0296108
0.146971
0.172585
0.191323
0.300297
0.338035
0.0499183
0.0582968
0.0769784
0.565617
0.237114
0.0506487
0.0805996
0.102862
0.180318
0.497377
0.138825
0.0137
0.0152264
0.114509
0.149614
0.117312
0.11847
0.266582
0.112208
0.0596918
0.20789
0.109108
0.138057
0.184097
0.614923
0.0319793
0.0398894
0.116888
0.0107871
0.112947
0.304386
0.249346
0.282256
0.209911
0.0846249
0.0500427
0.0800449
0.233686
0.0145884
0.0160602
0.0859204
0.0623702
0.240897
0.0281896
0.106595
0.00780458
0.125638
0.431498
0.239149
0.176028
0.19206
0.354507
0.0906182
0.130484
0.171252
0.21548
0.108323
0.195784
0.0400518
0.0553928
0.482518
0.482518
0.000617339
0.0473016
0.131919
0.145898
0.0865258
0.0464943
0.0176781
0.218852
0.0592438
0.157598
0.148636
0.175539
0.648909
0.457674
0.177999
0.0627834
0.0665486
0.0203734
0.134515
0.423018
0.554077
0.482518
1.17276
0.520091
0.153749
0.0635462
0.348719
0.197246
0.706253
0.0299224
0.233427
0.0701584
0.0298891
0.403788
0.00799359
0.0673654
0.128849
0.158621
0.108359
0.0573351
0.233466
0.255137
0.0189768
0.0839098
0.0765499
0.228543
0.491547
0.296344
0.173209
0.079431
0.100889
0.145608
0.0174941
0.0510227
0.025298
0.00450221
0.0139894
0.160804
0.0406361
0.00770401
0.083612
0.0129183
0.0133311
0.0380622
0.0788229
0.0845351
0.274943
0.0358414
0.0366337
0.0830477
0.0576368
0.340861
0.207409
0.00865018
0.0497432
0.302364
0.106539
0.0151225
0.0883721
0.0246836
0.111976
0.37874
0.00106004
0.0154126
0.283163
0.803185
0.231771
0.229027
0.107278
0.0128845
0.142588
0.149011
0.00171603
0.0953542
0.126698
0.0829195
0.0380341
0.0337715
0.231269
0.456963
0.263991
0.0241557
0.0423732
0.0179659
0.43072
0.154719
0.113177
0.107432
0.437272
0.0582415
0.132881
0.157084
0.378837
0.283913
0.0366874
0.284401
0.010713
0.0843424
0.0617501
0.0222148
0.103952
0.00762526
0.079474
0.0834955
0.1028
0.0883423
0.161406
0.377533
0.0782308
0.129504
0.148322
0.220782
0.0981275
0.355623
0.189827
0.000679397
0.0818564
0.0099972
0.0677586
0.0163341
0.00625234
0.0327133
0.243676
0.270175
0.025506
0.0557404
0.000218281
0.0115865
0.0039038
0.0294416
0.112196
0.0417827
0.0273985
0.155639
0.0670116
0.0810681
0.276903
0.454974
0.494021
0.392916
0.187929
0.0721398
0.302265
0.151982
0.00268201
0.251011
0.0954302
0.141671
0.159757
0.0300819
0.289082
0.55408
0.213261
0.0589443
0.12828
0.0910449
0.159821
8.55215e-006
0.0366806
1.02719
0.203431
0.246798
0.00260201
0.0418701
0.0683688
0.319525
0.0429111
0.0946393
0.341847
0.687136
0.0167811
0.214996
0.0357778
0.0284747
7.86427e-013
0.0924165
0.0278527
0.398326
0.171179
0.0848722
0.312839
0.411686
0.117327
0.0958282
0.466437
0.224018
0.232663
0.245703
0.0237415
0.351259
0.0373626
0.0190635
0.167912
0.0218045
0.0954993
0.43121
0.35054
0.170415
0.0990712
0.108118
0.0307694
0.173554
0.0305933
0.0731448
0.0966145
0.0574832
0.126494
0.199289
0.124945
0.0405453
0.083564
0.166942
0.158074
0.121191
0.134236
0.216801
0.0380419
0.0402286
0.199694
0.254144
0.520057
0.0225071
0.400938
0.459645
0.346638
0.622058
0.316108
0.0720854
0.24359
0.0927801
0.0157042
0.0127256
0.13258
0.0924636
0.0123324
0.0194595
0.0372173
0.475352
0.0488725
0.00246193
0.00373651
0.0924344
0.434602
0.00397119
0.0356903
0.216895
0.197333
0.0145613
0.00347177
0.13573
0.399032
0.00790096
0.0274955
0.0618348
0.645926
0.769251
0.0928784
0.304595
0.00759775
0.0553153
0.0408397
0.123881
0.0527697
0.565968
0.144951
0.0633992
0.0284076
0.317844
0.229762
0.0856375
0.164264
0.135442
0.340183
0.107861
0.115923
0.190737
0.08946
0.0476252
0.173094
0.00258301
0.0676029
0.446558
0.264089
0.134514
0.178467
0.0467785
0.130153
0.054074
0.0464368
0.0115851
0.138501
0.283568
0.0395995
0.0108225
0.0613977
0.586097
0.0903015
0.104946
0.0879187
0.358556
0.0967775
0.116425
0.0237342
0.431964
0.230103
0.399522
0.238387
0.14894
0.705717
0.195169
0.000482381
0.0984931
0.23568
0.13356
0.279864
0.190382
1.05535
0.457688
0.139402
0.761811
0.761811
0.302691
0.012442
0.675798
0.0193507
0.0564082
0.118966
0.0484655
0.467391
0.100645
0.761812
0.068857
0.076296
0.0569369
0.148582
0.0572275
0.0824179
0.328322
0.145457
0.18653
0.0980552
0.285152
0.351889
0.34254
0.1258
0.185286
0.138096
0.0567335
0.30184
0.0208272
0.00117727
0.124861
0.151202
0.409347
0.0233686
0.263964
0.0918415
0.0398627
0.105312
0.080992
0.00186455
0.0361691
0.218527
0.323791
0.0868855
0.0256211
0.341382
0.539477
0.420301
0.0552597
0.199357
0.278387
0.0924087
0.0231216
0.0120337
0.0020273
0.104374
0.211258
0.0681922
0.0465025
0.056368
0.0675711
0.00602981
0.219208
0.017351
0.16995
0.233893
0.207663
0.068253
0.0927169
0.134994
0.060549
0.407074
0.273491
0.0774114
0.002542
0.0709012
0.350261
0.202716
0.125543
0.194672
0.0122781
0.00201757
0.114825
0.10835
0.803184
0.803184
0.265343
0.0911601
0.308002
0.0459265
0.0783896
0.109249
0.333681
0.466638
0.554954
0.276041
0.0695258
0.180377
0.108651
0.0698242
0.313001
0.112918
0.143733
9.38039e-005
0.105078
0.0543719
0.192328
0.191532
0.407509
0.0998164
0.519113
0.0094368
0.187461
0.024319
0.00247256
0.137175
0.0190141
0.162226
0.440676
0.0762589
0.438049
0.0115076
0.0471392
0.00163191
0.0249535
0.038363
0.0239558
0.00800751
0.0254145
0.115088
0.0271485
0.529354
0.0770337
0.387268
0.273429
0.296571
0.35167
0.0439387
0.071263
0.0436396
0.109449
0.0878415
0.0839826
0.150234
0.151866
0.338545
0.175382
0.0398008
0.0930469
0.0580912
0.00700013
0.0176664
0.0223044
0.0535812
0.63114
0.336513
0.0449081
0.154422
0.151992
0.244293
0.0284226
0.2603
0.0513516
0.554079
0.117702
0.0354186
0.141673
0.159749
0.00961533
0.156381
1.05707e-012
1.05707e-012
0.0262202
0.030047
0.316951
0.0357796
0.0284752
1.17278
0.577317
0.59619
0.191117
0.671846
0.324313
0.244502
0.345484
0.0359411
0.0311931
0.00495665
0.342608
0.591204
0.165759
0.143881
0.0131139
0.0304124
0.0225366
0.0229513
0.289706
0.126362
0.186853
0.00320899
0.0939895
0.0420514
0.123185
0.874511
0.636768
0.574567
0.510884
0.0439603
0.789729
0.0793166
0.181853
0.379526
0.0176792
0.0399209
0.0431441
0.305301
0.0355412
0.0362619
0.276386
0.00678322
0.155948
0.572966
0.219787
0.0154265
0.0355125
0.178407
0.237566
0.0526736
0.0774893
0.0438068
0.0251489
0.0434438
0.0331025
0.00739865
0.0507182
0.0432635
0.0295293
0.0262559
0.0135248
0.137936
0.0455973
0.0906095
0.0626215
0.0332146
0.0513884
0.521971
0.620497
0.00940013
0.0714835
0.092021
0.0754284
0.034122
0.0609657
0.0123324
0.0219028
0.148589
0.121512
0.112572
0.0293923
0.00269069
0.15271
0.0101412
0.040681
0.368609
0.507991
0.40372
0.228081
0.209567
0.0625178
0.0127218
0.481723
0.0731654
0.0204327
0.242413
0.0677636
0.421023
0.0129754
0.453276
0.52933
0.531385
0.176099
0.0655906
0.276087
0.20961
0.0479528
0.160173
0.0243608
0.0330724
0.133736
0.171364
0.503438
0.0280333
0.383959
0.0363418
0.0395849
0.044894
0.255146
0.0179258
0.0475879
0.0958297
0.0254026
0.115429
0.129376
0.298408
0.555602
0.510631
0.867776
0.485384
0.376838
0.0417897
0.0116079
0.00877682
0.0019017
0.0594148
0.323166
0.325184
0.0465725
0.0650538
0.0335379
0.0178684
0.0463721
0.15678
0.102484
0.562504
0.402085
0.232146
0.0217884
0.269526
0.0391492
0.195662
0.0311882
0.128638
0.38762
0.15792
0.302539
0.1344
0.0901503
0.346404
0.283163
0.761812
0.113307
0.118642
0.145898
0.17057
0.686519
0.0801261
0.340192
0.554079
0.09106
0.217043
0.357253
0.451171
0.242073
0.574097
0.0896612
0.130806
0.177767
0.0750851
0.465708
0.204473
0.352734
0.151873
0.105407
0.116513
0.0538056
0.0270514
0.433854
0.0546793
0.205447
0.155564
0.0106448
0.0980135
0.182503
0.00169883
0.0348127
0.0849019
0.335322
0.00709742
0.406912
0.74114
0.298041
0.0247768
0.073337
0.0490433
0.042502
0.0117463
0.207459
0.18901
0.100149
0.0603041
0.341608
0.381336
0.263225
0.420056
0.421047
0.0509477
0.0465758
0.018653
0.0212177
0.311438
0.0118577
0.105064
0.352766
0.0647259
0.0689234
0.00864801
0.0427036
0.0182545
0.0391765
0.0704021
0.211653
0.0258824
0.00897205
0.112463
0.00209289
0.151288
0.17477
0.0134166
0.124294
0.0593457
0.280711
0.050407
0.173211
0.0805875
0.803189
1.37384e-012
0.168086
0.313866
0.205361
0.157536
0.323575
0.0756904
0.351369
0.554079
0.0861902
0.00222339
0.274005
0.640846
0.88486
1.80973
0.134253
0.129914
0.420103
0.349317
1.02719
0.331989
0.0332611
0.0621709
0.0637575
0.201688
0.0274684
0.23549
0.00638739
0.109138
0.0287619
0.0883031
0.0718611
0.1108
0.602298
0.102174
0.108803
0.311778
0.545564
0.00993298
0.241023
0.105701
0.00645336
0.0246623
0.0575931
0.0833215
0.14396
0.0192671
0.0443792
0.427456
0.0527326
0.17466
0.185877
0.0797228
0.489759
0.107334
0.317652
0.100442
0.0760188
0.0074177
0.0148123
0.0161167
0.00720881
0.106689
0.409835
0.132895
0.162422
0.381735
0.160794
0.321691
0.2662
0.0508117
0.0117721
0.025259
0.0274596
0.306005
0.482828
0.761813
0.828034
1.56927
0.482518
1.05707e-012
0.103829
0.00552285
0.376552
0.117786
0.803189
1.37384e-012
1.37384e-012
1.37384e-012
0.803185
0.0342609
0.00410625
0.154262
0.155793
0.0318999
0.0211718
0.0267499
0.219095
0.185192
0.370876
0.674569
0.0948493
0.0571029
0.138052
0.0258145
0.0108916
0.253883
0.219621
0.141578
0.194682
0.236479
0.0359214
0.0107603
0.167317
0.102209
0.0281277
0.0210855
0.0590788
0.0224758
0.169401
0.0402639
0.113694
0.0647056
0.274665
0.762344
0.0736283
0.235455
0.0263466
0.23973
0.20315
0.191075
0.0133031
0.0188725
0.0498595
0.105068
0.265586
0.0600681
0.00421556
0.325091
0.851054
0.195461
0.395349
0.0585106
0.0110608
0.0953939
0.0107455
0.0619118
0.0103827
0.127685
0.0702201
0.185775
0.0394115
0.0201426
0.127945
0.258578
0.102435
0.0217581
0.0378739
0.0414151
0.11374
0.0822785
0.482828
0.761813
0.828034
1.56927
0.482518
1.05707e-012
0.157795
0.40335
0.0253231
0.119227
0.248081
0.0157032
0.0161972
1.37384e-012
0.803185
0.0279806
0.056729
0.0754081
0.128334
0.025376
0.00592063
0.00357988
0.31741
0.474568
0.581316
0.373646
0.0918386
0.0537505
0.545557
0.00819409
0.00518065
0.119767
0.191069
0.129793
0.437702
0.221512
0.0612974
0.0783729
0.214682
0.121107
0.000518126
0.0585953
0.00228462
0.235859
0.393468
0.0128814
0.209991
0.00459272
0.50802
0.679494
0.323291
0.0573727
0.528311
0.138445
0.255892
0.0186352
0.0456075
0.0274846
0.228438
0.176196
0.280487
0.517879
0.141252
0.471498
0.900838
0.450446
0.201239
0.0344232
0.257068
0.125949
0.217869
0.0993133
0.00483678
0.0201515
0.0488425
0.00229715
0.0841504
0.0700909
0.0156117
0.180733
0.0566565
0.683695
0.235699
0.224912
0.073422
0.294361
0.482828
0.761813
0.828034
1.56927
0.482518
1.05707e-012
0.336399
0.091538
0.0971908
8.17475e-013
0.336398
0.0915363
0.0971904
1.37384e-012
0.803185
0.349782
0.0247517
0.00906402
1.05707e-012
0.554086
0.0866479
0.00137813
0.186359
0.23551
0.185196
0.138923
0.160424
0.060959
0.160579
0.148916
0.0939979
0.0193031
0.0217451
0.329227
0.403809
0.230902
0.0885573
0.0476873
0.118334
0.0366785
0.102706
0.0824696
0.0330869
0.451167
0.235625
0.259979
0.991823
0.119231
0.639069
0.133828
0.182324
0.301774
0.236452
0.0840295
0.067579
0.0286086
0.0888439
0.0826854
0.574982
0.552787
0.911224
0.0334317
0.240199
0.118843
0.484464
0.387025
0.0456822
0.0133115
0.144137
0.0509207
0.22178
0.224999
0.0332115
0.0938636
0.0197922
0.0783884
0.0090187
0.124718
0.122488
0.147968
0.175035
0.249257
0.113989
0.0299184
0.016506
0.302326
0.482828
0.761813
0.270959
0.0466831
0.174488
0.803184
0.803184
0.11376
0.0405473
0.336398
8.17475e-013
0.147319
0.108298
0.109707
0.250355
0.0356392
0.0053007
0.0776884
0.146878
0.0133106
0.270008
0.107577
0.356958
0.208659
0.114186
0.118959
0.0889189
0.0892663
0.133462
0.0232908
0.0151224
0.594337
0.79497
0.207215
0.153464
0.435812
0.242261
0.134335
0.151577
0.163387
0.0764359
0.150001
0.13122
0.669146
0.883446
1.42357
0.991823
0.278987
0.588873
0.242748
1.44875
0.339254
0.458704
0.0603192
0.067796
0.199147
0.0180754
0.451002
0.631462
0.136419
0.0369985
0.206251
0.0203165
0.0310257
0.170575
0.368613
0.0985759
0.0981281
0.125516
0.0772465
0.039025
0.545957
0.400222
0.0868483
0.205982
0.201403
0.124007
0.188068
0.117719
0.102276
0.142967
0.106061
0.190229
0.076151
0.0844702
0.0718513
0.0688035
0.020772
0.147318
0.0342608
0.00739524
0.247516
0.149862
0.0342612
0.0221292
0.0207705
0.55408
0.55408
0.075378
0.0158262
0.224033
0.037381
0.0337452
0.130015
0.295616
0.225559
0.0231032
0.0117909
0.176438
0.22887
0.337925
0.102759
0.263075
0.461269
0.000129002
0.216159
0.113177
0.482519
1.97226
1.70106
0.320198
0.051583
0.0375102
0.255378
0.0591697
0.160566
0.0606313
0.00134719
0.13139
0.664794
0.689341
1.42357
0.991823
0.140984
0.128998
0.0870386
1.44875
1.93096
0.885032
0.144115
0.286447
0.197834
0.192519
0.556182
0.0371683
0.00441662
0.0658282
0.391483
0.0113235
0.399859
0.0952273
0.333037
0.0588928
0.252999
0.0462238
0.0910209
0.187013
0.213377
0.0072331
0.0780561
0.102143
0.0527779
0.131257
0.0204632
0.0489197
0.340639
0.184498
0.0492137
0.161554
0.121055
0.140648
0.0888592
0.0905379
0.0248065
0.0925902
0.00652757
0.0649701
0.248242
0.189349
0.0279803
0.0596659
0.0279654
0.0853312
0.512208
0.157357
0.0190923
0.0761226
0.0122715
0.018655
0.146117
0.112663
0.0236805
0.0171414
0.038459
0.390826
0.30298
0.806946
0.0920402
0.115979
0.480487
0.11651
0.107585
0.0929427
0.0303629
1.14553
0.761486
0.241134
0.0667649
0.104683
0.0107111
0.0982915
0.105221
0.0366215
0.12917
0.171871
0.124133
0.0986251
0.490508
0.281526
0.0108313
0.0470293
0.317404
1.44875
1.11791
0.70893
0.316739
0.399903
0.0748596
0.200905
0.742181
0.615802
0.286072
0.044159
0.295213
0.009292
0.646401
0.305098
0.515976
0.086312
0.0861829
0.00500834
0.0611318
0.0805088
0.0474896
0.0772244
0.0830444
0.0601377
0.0304065
0.127521
0.0481969
0.000426346
0.103088
0.247339
0.0889737
0.0218661
0.296372
0.0494716
0.0153333
0.121762
0.132834
0.135126
0.130923
0.0570236
0.0892557
0.0216848
0.170751
0.225992
0.0834333
0.145898
0.761811
0.283282
0.131919
0.0711582
0.12134
0.0275758
0.245766
0.289375
0.240412
0.482264
0.286231
0.14008
0.203889
0.554607
0.182027
0.31192
0.180741
0.104272
0.123625
0.154136
0.0677307
0.414556
0.629324
0.0298063
0.286197
0.0194311
0.237622
0.0150142
0.173755
0.0508277
0.246672
0.114838
0.226625
0.0185449
0.172584
0.410287
0.091537
0.0971908
1.17277
1.44875
0.337816
0.086347
0.332459
0.0592181
0.188864
0.574419
0.00793246
0.163115
0.0157049
0.00166278
0.295071
0.306597
0.468068
0.836959
0.798826
0.15112
0.456048
0.0457318
0.113579
0.174259
0.144518
0.222589
0.241822
0.053423
0.0477057
0.111908
0.04993
0.030684
0.133748
0.00650556
0.0103004
0.0754555
0.0847564
0.0117739
0.283643
0.00459535
0.161991
0.108889
0.00789091
0.273083
0.00915424
0.0432228
0.221351
0.130452
0.0640673
0.112074
0.0319069
0.120788
0.18362
0.292831
0.359427
0.00169462
0.513456
0.203785
0.0153405
0.682617
0.0669092
0.0657231
0.0174262
0.0806057
0.0268283
0.634105
0.507949
0.211197
0.195122
0.0751575
0.16222
0.399663
0.419943
0.0798387
0.184224
0.0496726
0.0975845
0.149812
0.165829
0.0269352
0.0452618
0.324992
0.319229
0.477598
0.191556
0.0712786
0.11963
0.023814
0.442733
0.235393
0.257894
0.273615
0.103563
0.178762
0.28668
0.110111
0.093366
0.562832
0.115214
0.0941641
0.445072
0.161671
0.110273
0.148315
0.848177
0.0415236
0.175162
0.304965
0.121493
0.0025235
0.271184
0.0115924
0.0527097
0.118026
0.0367434
0.0360613
0.0593456
0.0457942
0.0694613
0.0240732
0.0326001
0.0967836
0.504601
0.0195178
0.214087
0.0492033
0.107695
0.312162
0.0488273
0.382946
0.125961
0.574896
0.616668
0.585418
0.381458
1.57384
0.173452
0.0391289
0.0672688
0.562985
0.190788
0.270763
0.064579
0.798553
0.338998
0.680404
0.219751
0.539021
0.188527
0.202767
0.188662
0.162968
0.136174
0.0389189
0.099835
0.0505374
0.450441
0.577902
0.191737
0.0491456
0.263048
0.115436
0.0764265
0.160999
0.0777251
0.0308475
0.0613989
0.0469273
0.847459
0.601276
0.855867
0.0017405
0.041457
0.0259614
0.559102
0.0835894
0.530634
0.349618
0.0976016
0.192396
0.0546375
0.324407
0.178915
0.282106
0.0213708
0.0248131
0.206958
0.0283761
0.227725
0.345414
0.335529
0.210562
0.0538497
0.0628043
0.0069664
0.0682228
0.0084976
0.0384812
0.237202
0.34639
0.054141
0.0298751
0.294
0.140395
0.173048
0.433848
0.302446
0.168242
0.0542911
0.000445716
0.189331
0.0389564
0.452862
0.191283
0.493681
0.430963
0.0438207
0.482518
0.273495
0.283243
0.333031
1.61382
0.701902
0.720474
0.307825
0.957967
0.105661
0.00292214
0.73101
0.589912
0.492423
0.546371
0.315045
0.74767
0.182693
0.407162
0.22457
0.187431
0.281567
0.456524
0.123847
0.101994
0.169025
0.266422
0.496895
0.0143356
0.103069
0.105399
0.0549537
0.0776112
0.22414
0.0442251
0.0692889
0.148027
0.00386151
0.0515987
0.588285
0.15774
0.347721
0.150638
0.607966
0.372327
0.44844
0.458195
0.378715
0.347518
0.0996707
0.0631957
0.0706028
0.0578289
0.0210448
0.0967557
0.396801
0.123727
0.480889
0.568814
0.199283
0.0167167
0.00680254
0.108821
0.184232
0.102141
0.050675
0.0346677
0.0679172
0.043075
0.0340055
0.202098
0.281372
0.00235142
0.0120077
0.0653642
0.0299708
0.37917
0.000580577
0.0220351
0.232426
0.239982
0.21592
0.0182865
0.175527
0.0243514
0.0351836
1.05535
0.219488
0.20621
0.36912
1.05702
1.05702
0.417785
0.0408985
1.05702
0.179213
0.493899
0.0584021
0.0498341
0.0707385
0.157439
0.325055
0.314927
0.0861237
0.275976
0.134529
0.0999097
0.211876
0.260387
0.020763
0.30639
0.195258
0.0718817
0.0237984
0.225312
0.0749429
0.0610188
0.0809442
0.0109875
0.115437
0.00735086
0.0172658
0.17391
0.273821
0.289485
0.2462
0.0797092
0.211125
0.15782
0.394938
0.0188614
0.0657591
0.0639729
0.11459
0.132686
0.132814
0.665655
0.138096
0.803186
0.114788
0.0387526
0.182024
0.116346
0.104163
0.0406577
0.14282
0.190009
0.0577145
0.0453072
0.237029
0.0359649
0.0158409
0.0713901
0.0438849
0.114051
0.00914827
0.0265706
0.00984622
0.185399
0.0171758
0.0885705
0.164365
0.0675145
0.0894271
0.119419
0.0625579
0.246857
0.384882
0.0754489
0.2281
0.00896936
0.394774
0.395938
0.245317
0.287905
0.278374
1.84281
0.533518
0.375205
0.300498
0.346577
0.488414
0.307985
0.493937
0.0797662
0.0658154
0.408399
0.345648
0.348113
0.0866622
0.426365
0.234506
0.265268
0.100915
0.0521719
0.16286
0.094878
0.00361834
0.256414
0.123653
0.221047
0.0574524
0.0472805
0.0415177
0.00729915
0.092011
0.203778
0.206068
0.0800771
0.368425
0.287555
0.106985
0.416928
0.209643
0.297566
0.049819
0.0813299
0.20272
0.128169
0.0971856
0.188458
0.0131984
0.0788448
0.307665
0.290011
0.0121696
0.571263
0.530625
0.236709
0.0634342
0.153564
0.184216
0.0305073
0.323124
0.0824195
0.117363
0.149047
0.0442121
0.169164
0.11291
0.0784776
0.0947878
0.247325
0.0349669
0.0744667
0.300693
0.0180181
0.214783
0.172666
0.12725
0.00431172
0.0650912
0.250817
0.57546
0.257999
0.336461
0.251023
0.384747
0.136959
0.467579
0.511288
0.424376
0.393571
0.363361
0.703688
0.303338
0.151991
1.57383
1.18491
0.311722
0.225971
0.348944
0.140232
0.415883
0.131529
0.277129
0.606423
0.46468
0.296583
0.253569
0.187576
0.0633622
0.0730548
0.0582376
0.0372795
0.00552241
0.0145888
0.0235415
0.0145549
0.124235
0.729019
0.0959616
0.192073
0.0295609
0.0769864
0.0952606
0.471342
0.245329
0.122097
0.301799
0.304194
0.39582
0.443896
0.0157032
0.0031519
0.0380858
0.112846
0.311098
0.00248402
0.115556
0.0392568
0.0625351
0.00608447
0.12577
0.417789
0.290562
0.248048
0.00515241
0.122239
0.0449135
0.0923189
0.19963
0.30865
0.0788817
0.21171
0.102778
0.0578589
0.141384
0.452031
0.297674
0.263578
0.155434
0.0511562
0.0596272
0.0991632
0.12406
0.111021
0.146235
0.0129872
0.223042
0.15147
0.065604
0.019182
0.165894
0.113003
0.163251
0.196687
0.0572149
0.0884681
0.111701
0.189899
0.219773
0.0365071
0.612745
0.128956
0.024144
0.17593
0.263699
0.540389
0.518879
0.270044
0.0431964
0.195174
0.207562
0.0229555
0.00442474
0.200561
0.0276998
0.0403865
0.129616
0.00278549
0.144482
0.016975
0.0334674
0.015729
0.0620379
0.101401
0.0661268
0.363987
0.0610762
0.0401202
0.0360331
0.471025
0.280234
0.369204
0.124323
0.368931
0.00028393
0.0863199
0.48584
0.479667
0.112599
0.0352175
0.0323053
0.0497773
0.0203572
0.16573
0.0226646
0.169078
0.254656
0.442837
0.290628
0.105093
0.0442124
0.00113228
0.0318143
0.000536939
0.0309472
0.105601
0.0158203
0.0933668
0.093119
0.0812239
0.0924732
0.0242549
0.00675538
0.0504817
0.0603982
0.18212
0.291076
0.000424183
0.182189
0.0441674
0.212439
0.141038
0.133969
0.157152
0.216401
0.25528
0.767802
0.767802
0.767802
0.237269
0.129547
0.117475
0.26975
0.260195
0.37232
0.182081
0.767936
0.258044
0.274779
0.214868
0.230487
0.273826
0.175086
0.160242
0.120865
0.233598
0.199995
0.18134
0.238657
0.0835392
0.105309
0.132542
0.221277
0.102209
0.0744975
0.20316
0.219114
0.134264
0.030575
0.263307
0.187583
0.239563
0.274328
0.383295
0.151188
0.0084023
0.152248
0.253064
0.217158
0.137082
0.195556
0.2647
0.187031
0.234097
0.181709
0.00222249
0.161849
0.243304
0.274141
0.137885
0.111337
0.114231
0.249169
0.193922
0.210611
0.145338
0.0551827
0.245409
0.149956
0.20547
0.0211329
0.183044
0.0638011
0.0916386
0.279581
0.131526
0.0188293
0.0797455
0.0133133
0.0826262
0.27483
0.0469311
0.12888
0.101545
0.0695982
0.143731
0.3563
