4.34134e+007
2.47336e+007
1.45957e+007
8.89288e+006
5.57853e+006
3.59394e+006
2.37263e+006
1.60192e+006
1.10415e+006
775717
554685
403176
297538
222704
168901
129680
100718
79069.7
62703.8
50198.3
40546
33025.2
27112.5
22424.7
18678.4
15661.7
13215.1
11217.3
9575.58
8218.08
7089.07
6144.87
5351.05
4680.3
4110.79
3625.03
3208.88
2850.86
2541.61
2273.47
2040.11
1836.29
1657.68
1500.65
1362.15
1239.63
1130.93
1034.23
947.964
870.814
801.643
739.477
683.477
632.917
587.172
545.696
508.014
473.714
442.431
413.85
387.691
363.706
341.68
321.419
302.754
285.532
269.618
254.893
241.249
228.589
216.827
205.885
195.695
186.192
177.321
169.029
161.271
154.004
147.191
140.795
134.787
129.136
123.817
118.806
114.08
109.62
105.406
101.422
97.6531
94.0838
90.7013
87.4934
84.4488
81.5571
78.8088
76.1949
73.7071
71.338
69.0802
66.9273
64.8731
62.9119
61.0384
59.2477
57.5351
55.8963
54.3273
52.8243
51.3837
50.0024
48.6772
47.4052
46.1836
45.01
43.8819
42.7971
41.7534
40.7489
39.7816
38.8499
37.952
37.0863
36.2514
35.4458
34.6683
33.9176
33.1924
32.4917
31.8144
31.1595
30.526
29.913
29.3197
28.7452
28.1888
27.6497
27.1273
26.6208
26.1296
25.6532
25.1909
24.7422
24.3066
23.8836
23.4727
23.0734
22.6853
22.3081
21.9413
21.5845
21.2374
20.8996
20.5708
20.2507
19.939
19.6354
19.3396
19.0514
18.7704
18.4966
18.2295
17.969
17.715
17.4671
17.2251
16.989
16.7584
16.5333
16.3135
16.0987
15.8889
15.6838
15.4834
15.2876
15.096
14.9087
14.7255
14.5464
14.371
14.1995
14.0316
13.8673
13.7064
13.5488
13.3946
13.2435
13.0954
12.9504
12.8083
12.6691
12.5326
12.3987
12.2676
12.1389
12.0127
11.889
11.7676
11.6485
11.5317
11.417
11.3044
11.194
11.0855
10.979
10.8745
10.7718
10.6709
10.5718
10.4745
10.3789
10.2849
10.1926
10.1018
10.0126
9.9249
9.83868
9.7539
9.67053
9.58854
9.5079
9.42857
9.35053
9.27375
9.19821
9.12387
9.0507
8.97869
8.90781
8.83803
8.76934
8.7017
8.6351
8.56951
8.50492
8.44129
8.37862
8.31689
8.25606
8.19614
8.13709
8.07889
8.02155
7.96502
7.90931
7.85439
7.80025
7.74687
7.69424
7.64235
7.59117
7.5407
7.49093
7.44183
7.3934
7.34562
7.29849
7.25198
7.2061
7.16082
7.11613
7.07204
7.02852
6.98556
6.94316
6.9013
6.85997
6.81917
6.77889
6.73912
6.69984
6.66105
6.62275
6.58491
6.54755
6.51063
6.47417
6.43815
6.40257
6.36741
6.33267
6.29834
6.26442
6.2309
6.19777
6.16503
6.13267
6.10068
6.06906
6.03781
6.00691
5.97636
5.94615
5.91629
5.88676
5.85756
5.82868
5.80012
5.77188
5.74395
5.71632
5.68899
5.66195
5.63521
5.60876
5.58258
5.55669
5.53107
5.50571
5.48063
5.45581
5.43124
5.40693
5.38287
5.35906
5.33549
5.31216
5.28907
5.26621
5.24359
5.22119
5.19901
5.17705
5.15531
5.13379
5.11247
5.09137
5.07047
5.04977
5.02928
5.00898
4.98887
4.96896
4.94924
4.9297
4.91035
4.89118
4.8722
4.85338
4.83475
4.81628
4.79799
4.77986
4.7619
4.74411
4.72648
4.709
4.69168
4.67452
4.65752
4.64066
4.62396
4.6074
4.59099
4.57472
4.5586
4.54261
4.52677
4.51106
4.49549
4.48005
4.46475
4.44957
4.43453
4.41961
4.40482
4.39015
4.37561
4.36119
4.34688
4.3327
4.31864
4.30469
4.29085
4.27713
4.26352
4.25002
4.23663
4.22335
4.21018
4.19711
4.18414
4.17128
4.15852
4.14587
4.13331
4.12085
4.10849
4.09623
4.08406
4.07198
4.06
4.04811
4.03632
4.02461
4.01299
4.00146
3.99002
3.97867
3.9674
3.95621
3.94511
3.93409
3.92316
3.9123
3.90153
3.89084
3.88022
3.86968
3.85922
3.84883
3.83853
3.82829
3.81813
3.80804
3.79802
3.78808
3.77821
3.7684
3.75867
3.74901
3.73941
3.72988
3.72042
3.71102
3.70169
3.69242
3.68322
3.67408
3.665
3.65599
3.64704
3.63815
3.62932
3.62054
3.61183
3.60318
3.59459
3.58605
3.57757
3.56914
3.56078
3.55246
3.54421
3.536
3.52785
3.51976
3.51171
3.50372
3.49578
3.4879
3.48006
3.47227
3.46454
3.45685
3.44921
3.44162
3.43408
3.42659
3.41914
3.41174
3.40439
3.39709
3.38982
3.38261
3.37544
3.36831
3.36123
3.35419
3.3472
3.34024
3.33333
3.32647
3.31964
3.31285
3.30611
3.29941
3.29275
3.28612
3.27954
3.273
3.26649
3.26002
3.2536
3.24721
3.24085
3.23454
3.22826
3.22202
3.21582
3.20965
3.20351
3.19742
3.19135
3.18533
3.17933
3.17338
3.16745
3.16156
3.1557
3.14988
3.14409
3.13833
3.13261
3.12691
3.12125
3.11562
3.11002
3.10446
3.09892
3.09341
3.08794
3.08249
3.07708
3.07169
3.06633
3.06101
3.05571
3.05044
3.0452
3.03999
3.0348
3.02965
3.02452
3.01942
3.01434
3.0093
3.00427
2.99928
2.99431
2.98937
2.98446
2.97957
2.97471
2.96987
2.96505
2.96027
2.9555
2.95077
2.94605
2.94136
2.9367
2.93206
2.92744
2.92284
2.91827
2.91373
2.9092
2.9047
2.90022
2.89577
2.89133
2.88692
2.88253
2.87816
2.87382
2.8695
2.86519
2.86091
2.85665
2.85241
2.84819
2.844
2.83982
2.83566
2.83153
2.82741
2.82332
2.81924
2.81518
2.81115
2.80713
2.80313
2.79915
2.79519
2.79125
2.78733
2.78343
2.77954
2.77567
2.77183
2.768
2.76418
2.76039
2.75661
2.75285
2.74911
2.74539
2.74168
2.73799
2.73432
2.73067
2.72703
2.7234
2.7198
2.71621
2.71264
2.70908
2.70554
2.70202
2.69851
2.69502
2.69154
2.68808
2.68464
2.68121
2.67779
2.6744
2.67101
2.66764
2.66429
2.66095
2.65763
2.65432
2.65102
2.64774
2.64448
2.64123
2.63799
2.63477
2.63156
2.62836
2.62518
2.62201
2.61886
2.61572
2.61259
2.60948
2.60638
2.60329
2.60022
2.59716
2.59411
2.59108
2.58806
2.58505
2.58205
2.57907
2.5761
2.57314
2.57019
2.56726
2.56434
2.56143
2.55853
2.55565
2.55278
2.54992
2.54707
2.54423
2.5414
2.53859
2.53579
2.53299
2.53022
2.52745
2.52469
2.52194
2.51921
2.51648
2.51377
2.51107
2.50838
2.5057
2.50303
2.50037
2.49772
2.49509
2.49246
2.48984
2.48724
2.48464
2.48205
2.47948
2.47691
2.47436
2.47181
2.46928
2.46675
2.46424
2.46173
2.45924
2.45675
2.45428
2.45181
2.44935
2.4469
2.44446
2.44204
2.43962
2.43721
2.4348
2.43241
2.43003
2.42766
2.42529
2.42294
2.42059
2.41825
2.41592
2.4136
2.41129
2.40899
2.40669
2.40441
2.40213
2.39986
2.3976
2.39535
2.3931
2.39087
2.38864
2.38642
2.38421
2.38201
2.37982
2.37763
2.37545
2.37328
2.37112
2.36896
2.36682
2.36468
2.36255
2.36042
2.35831
2.3562
2.3541
2.35201
2.34992
2.34784
2.34577
2.34371
2.34165
2.33961
2.33756
2.33553
2.3335
2.33148
2.32947
2.32747
2.32547
2.32348
2.32149
2.31952
2.31754
2.31558
2.31362
2.31168
2.30973
2.3078
2.30587
2.30394
2.30203
2.30012
2.29821
2.29632
2.29443
2.29254
2.29067
2.2888
2.28693
2.28507
2.28322
2.28138
2.27954
2.27771
2.27588
2.27406
2.27224
2.27044
2.26863
2.26684
2.26505
2.26326
2.26149
2.25971
2.25795
2.25619
2.25443
2.25268
2.25094
2.2492
2.24747
2.24575
2.24403
2.24231
2.2406
2.2389
2.2372
2.23551
2.23382
2.23214
2.23047
2.2288
2.22713
2.22547
2.22382
2.22217
2.22053
2.21889
2.21726
2.21563
2.21401
2.21239
2.21078
2.20917
2.20757
2.20597
2.20438
2.2028
2.20121
2.19964
2.19807
2.1965
2.19494
2.19338
2.19183
2.19028
2.18874
2.18721
2.18567
2.18415
2.18262
2.1811
2.17959
2.17808
2.17658
2.17508
2.17358
2.17209
2.17061
2.16913
2.16765
2.16618
2.16471
2.16325
2.16179
2.16034
2.15889
2.15744
2.156
2.15457
2.15313
2.15171
2.15028
2.14886
2.14745
2.14604
2.14463
2.14323
2.14183
2.14044
2.13905
2.13766
2.13628
2.13491
2.13353
2.13216
2.1308
2.12944
2.12808
2.12673
2.12538
2.12404
2.12269
2.12136
2.12002
2.1187
2.11737
2.11605
2.11473
2.11342
2.11211
2.1108
2.1095
2.1082
2.10691
2.10562
2.10433
2.10305
2.10177
2.10049
2.09922
2.09795
2.09668
2.09542
2.09416
2.09291
2.09166
2.09041
2.08917
2.08793
2.08669
2.08546
2.08423
2.083
2.08178
2.08056
2.07935
2.07813
2.07692
2.07572
2.07452
2.07332
2.07212
2.07093
2.06974
2.06856
2.06737
2.06619
2.06502
2.06385
2.06268
2.06151
2.06035
2.05919
2.05803
2.05688
2.05573
2.05458
2.05344
2.0523
2.05116
2.05003
2.0489
2.04777
2.04664
2.04552
2.0444
2.04328
2.04217
2.04106
2.03996
2.03885
2.03775
2.03665
2.03556
2.03446
2.03338
2.03229
2.03121
2.03013
2.02905
2.02797
2.0269
2.02583
2.02477
2.0237
2.02264
2.02158
2.02053
2.01948
2.01843
2.01738
2.01634
2.0153
2.01426
2.01322
2.01219
2.01116
2.01013
2.00911
2.00808
2.00706
2.00605
2.00503
2.00402
2.00301
2.00201
2.001
2
1.999
1.99801
1.99701
1.99602
1.99503
1.99405
1.99306
1.99208
1.9911
1.99013
1.98915
1.98818
1.98721
1.98625
1.98528
1.98432
1.98337
1.98241
1.98145
1.9805
1.97955
1.97861
1.97766
1.97672
1.97578
1.97484
1.97391
1.97298
1.97205
1.97112
1.97019
1.96927
1.96835
1.96743
1.96651
1.9656
1.96469
1.96378
1.96287
1.96197
1.96106
1.96016
1.95926
1.95837
1.95747
1.95658
1.95569
1.9548
1.95392
1.95304
1.95215
1.95128
1.9504
1.94952
1.94865
1.94778
1.94691
1.94605
1.94518
1.94432
1.94346
1.9426
1.94175
1.94089
1.94004
1.93919
1.93834
1.9375
1.93665
1.93581
1.93497
1.93414
1.9333
1.93247
1.93163
1.9308
1.92998
1.92915
1.92833
1.92751
1.92669
1.92587
1.92505
1.92424
1.92343
1.92261
1.92181
1.921
1.9202
1.91939
1.91859
1.91779
1.917
1.9162
1.91541
1.91461
1.91383
1.91304
1.91225
1.91147
1.91068
1.9099
1.90912
1.90835
1.90757
1.9068
1.90603
1.90526
1.90449
1.90372
1.90296
1.90219
1.90143
1.90067
1.89992
1.89916
1.89841
1.89765
1.8969
1.89615
1.89541
1.89466
1.89392
1.89317
1.89243
1.89169
1.89096
1.89022
1.88949
1.88875
1.88802
1.88729
1.88657
1.88584
1.88511
1.88439
1.88367
1.88295
1.88223
1.88152
1.8808
1.88009
1.87938
1.87867
1.87796
1.87725
1.87655
1.87584
1.87514
1.87444
1.87374
1.87304
1.87235
1.87165
1.87096
1.87027
1.86958
1.86889
1.8682
1.86752
1.86683
1.86615
1.86547
1.86479
1.86411
1.86344
1.86276
1.86209
1.86141
1.86074
1.86007
1.85941
1.85874
1.85807
1.85741
1.85675
1.85609
1.85543
1.85477
1.85411
1.85346
1.8528
1.85215
1.8515
1.85085
1.8502
1.84956
1.84891
1.84827
1.84762
1.84698
1.84634
1.8457
1.84507
1.84443
1.8438
1.84316
1.84253
1.8419
1.84127
1.84064
1.84002
1.83939
1.83877
1.83814
1.83752
1.8369
1.83628
1.83567
1.83505
1.83443
1.83382
1.83321
1.8326
1.83199
1.83138
1.83077
1.83016
1.82956
1.82896
1.82835
1.82775
1.82715
1.82655
1.82596
1.82536
1.82476
1.82417
1.82358
1.82299
1.8224
1.82181
1.82122
1.82063
1.82005
1.81946
1.81888
1.8183
1.81772
1.81714
1.81656
1.81598
1.8154
1.81483
1.81426
1.81368
1.81311
1.81254
1.81197
1.8114
1.81084
1.81027
1.80971
1.80914
1.80858
1.80802
1.80746
1.8069
1.80634
1.80579
1.80523
1.80468
1.80412
1.80357
1.80302
1.80247
1.80192
1.80137
1.80082
1.80028
1.79973
1.79919
1.79865
1.7981
1.79756
1.79702
1.79649
1.79595
1.79541
1.79488
1.79434
1.79381
1.79328
1.79275
1.79222
1.79169
1.79116
1.79063
1.79011
1.78958
1.78906
1.78853
1.78801
1.78749
1.78697
1.78645
1.78593
1.78542
1.7849
1.78439
1.78387
1.78336
1.78285
1.78234
1.78183
1.78132
1.78081
1.7803
1.77979
1.77929
1.77879
1.77828
1.77778
1.77728
1.77678
1.77628
1.77578
1.77528
1.77478
1.77429
1.77379
1.7733
1.77281
1.77232
1.77182
1.77133
1.77084
1.77036
1.76987
1.76938
1.7689
1.76841
1.76793
1.76745
1.76696
1.76648
1.766
1.76552
1.76504
1.76457
1.76409
1.76361
1.76314
1.76266
1.76219
1.76172
1.76125
1.76078
1.76031
1.75984
1.75937
1.7589
1.75844
1.75797
1.75751
1.75704
1.75658
1.75612
1.75566
1.7552
1.75474
1.75428
1.75382
1.75336
1.75291
1.75245
1.752
1.75155
1.75109
1.75064
1.75019
1.74974
1.74929
1.74884
1.74839
1.74795
1.7475
1.74705
1.74661
1.74616
1.74572
1.74528
1.74484
1.7444
1.74396
1.74352
1.74308
1.74264
1.74221
1.74177
1.74133
1.7409
1.74047
1.74003
1.7396
1.73917
1.73874
1.73831
1.73788
1.73745
1.73702
1.7366
1.73617
1.73574
1.73532
1.7349
1.73447
1.73405
1.73363
1.73321
1.73279
1.73237
1.73195
1.73153
1.73111
1.7307
1.73028
1.72987
1.72945
1.72904
1.72863
1.72821
1.7278
1.72739
1.72698
1.72657
1.72616
1.72576
1.72535
1.72494
1.72454
1.72413
1.72373
1.72332
1.72292
1.72252
1.72212
1.72172
1.72132
1.72092
1.72052
1.72012
1.71972
1.71933
1.71893
1.71853
1.71814
1.71774
1.71735
1.71696
1.71657
1.71618
1.71578
1.71539
1.715
1.71462
1.71423
1.71384
1.71345
1.71307
1.71268
1.7123
1.71191
1.71153
1.71115
1.71076
1.71038
1.71
1.70962
1.70924
1.70886
1.70848
1.70811
1.70773
1.70735
1.70698
1.7066
1.70623
1.70585
1.70548
1.70511
1.70473
1.70436
1.70399
1.70362
1.70325
1.70288
1.70251
1.70215
1.70178
1.70141
1.70105
1.70068
1.70032
1.69995
1.69959
1.69923
1.69886
1.6985
1.69814
1.69778
1.69742
1.69706
1.6967
1.69634
1.69598
1.69563
1.69527
1.69492
1.69456
1.69421
1.69385
1.6935
1.69314
1.69279
1.69244
1.69209
1.69174
1.69139
1.69104
1.69069
1.69034
1.68999
1.68964
1.6893
1.68895
1.68861
1.68826
1.68792
1.68757
1.68723
1.68689
1.68654
1.6862
1.68586
1.68552
1.68518
1.68484
1.6845
1.68416
1.68382
1.68349
1.68315
1.68281
1.68248
1.68214
1.68181
1.68147
1.68114
1.68081
1.68047
1.68014
1.67981
1.67948
1.67915
1.67882
1.67849
1.67816
1.67783
1.6775
1.67717
1.67685
1.67652
1.67619
1.67587
1.67554
1.67522
1.6749
1.67457
1.67425
1.67393
1.67361
1.67328
1.67296
1.67264
1.67232
1.672
1.67168
1.67137
1.67105
1.67073
1.67041
1.6701
1.66978
1.66947
1.66915
1.66884
1.66852
1.66821
1.6679
1.66758
1.66727
1.66696
1.66665
1.66634
1.66603
1.66572
1.66541
1.6651
1.66479
1.66448
1.66418
1.66387
1.66356
1.66326
1.66295
1.66265
1.66234
1.66204
1.66174
1.66143
1.66113
1.66083
1.66053
1.66023
1.65992
1.65962
1.65932
1.65902
1.65873
1.65843
1.65813
1.65783
1.65753
1.65724
1.65694
1.65665
1.65635
1.65605
1.65576
1.65547
1.65517
1.65488
1.65459
1.65429
1.654
1.65371
1.65342
1.65313
1.65284
1.65255
1.65226
1.65197
1.65168
1.6514
1.65111
1.65082
1.65053
1.65025
1.64996
1.64968
1.64939
1.64911
1.64882
1.64854
1.64826
1.64797
1.64769
1.64741
1.64713
1.64685
1.64656
1.64628
1.646
1.64572
1.64545
1.64517
1.64489
1.64461
1.64433
1.64406
1.64378
1.6435
1.64323
1.64295
1.64268
1.6424
1.64213
1.64185
1.64158
1.64131
1.64103
1.64076
1.64049
1.64022
1.63995
1.63968
1.63941
1.63914
1.63887
1.6386
1.63833
1.63806
1.63779
1.63752
1.63726
1.63699
1.63672
1.63646
1.63619
1.63593
1.63566
1.6354
1.63513
1.63487
1.63461
1.63434
1.63408
1.63382
1.63356
1.63329
1.63303
1.63277
1.63251
1.63225
1.63199
1.63173
1.63147
1.63122
1.63096
1.6307
1.63044
1.63019
1.62993
1.62967
1.62942
1.62916
1.62891
1.62865
1.6284
1.62814
1.62789
1.62763
1.62738
1.62713
1.62688
1.62662
1.62637
1.62612
1.62587
1.62562
1.62537
1.62512
1.62487
1.62462
1.62437
1.62412
1.62387
1.62363
1.62338
1.62313
1.62288
1.62264
1.62239
1.62215
1.6219
1.62166
1.62141
1.62117
1.62092
1.62068
1.62044
1.62019
1.61995
1.61971
1.61947
1.61922
1.61898
1.61874
1.6185
1.61826
1.61802
1.61778
1.61754
1.6173
1.61706
1.61682
1.61659
1.61635
1.61611
1.61587
1.61564
1.6154
1.61516
1.61493
1.61469
1.61446
1.61422
1.61399
1.61375
1.61352
1.61329
1.61305
1.61282
1.61259
1.61236
1.61212
1.61189
1.61166
1.61143
1.6112
1.61097
1.61074
1.61051
1.61028
1.61005
1.60982
1.60959
1.60936
1.60914
1.60891
1.60868
1.60845
1.60823
1.608
1.60777
1.60755
1.60732
1.6071
1.60687
1.60665
1.60642
1.6062
1.60598
1.60575
1.60553
1.60531
1.60509
1.60486
1.60464
1.60442
1.6042
1.60398
1.60376
1.60354
1.60332
1.6031
1.60288
1.60266
1.60244
1.60222
1.602
1.60178
1.60156
1.60135
1.60113
1.60091
1.6007
1.60048
1.60026
1.60005
1.59983
1.59962
1.5994
1.59919
1.59897
1.59876
1.59855
1.59833
1.59812
1.59791
1.59769
1.59748
1.59727
1.59706
1.59684
1.59663
1.59642
1.59621
1.596
1.59579
1.59558
1.59537
1.59516
1.59495
1.59474
1.59453
1.59433
1.59412
1.59391
1.5937
1.5935
1.59329
1.59308
1.59288
1.59267
1.59246
1.59226
1.59205
1.59185
1.59164
1.59144
1.59123
1.59103
1.59083
1.59062
1.59042
1.59022
1.59001
1.58981
1.58961
1.58941
1.5892
1.589
1.5888
1.5886
1.5884
1.5882
1.588
1.5878
1.5876
1.5874
1.5872
1.587
1.5868
1.58661
1.58641
1.58621
1.58601
1.58581
1.58562
1.58542
1.58522
1.58503
1.58483
1.58464
1.58444
1.58424
1.58405
1.58385
1.58366
1.58346
1.58327
1.58308
1.58288
1.58269
1.5825
1.5823
1.58211
1.58192
1.58173
1.58153
1.58134
1.58115
1.58096
1.58077
1.58058
1.58039
1.5802
1.58001
1.57982
1.57963
1.57944
1.57925
1.57906
1.57887
1.57868
1.57849
1.57831
1.57812
1.57793
1.57774
1.57756
1.57737
1.57718
1.577
1.57681
1.57663
1.57644
1.57625
1.57607
1.57588
1.5757
1.57551
1.57533
1.57515
1.57496
1.57478
1.5746
1.57441
1.57423
1.57405
1.57386
1.57368
1.5735
1.57332
1.57314
1.57296
1.57277
1.57259
1.57241
1.57223
1.57205
1.57187
1.57169
1.57151
1.57133
1.57115
1.57098
1.5708
1.57062
1.57044
1.57026
1.57008
1.56991
1.56973
1.56955
1.56937
1.5692
1.56902
1.56884
1.56867
1.56849
1.56832
1.56814
1.56797
1.56779
1.56762
1.56744
1.56727
1.56709
1.56692
1.56675
1.56657
1.5664
1.56622
1.56605
1.56588
1.56571
1.56553
1.56536
1.56519
1.56502
1.56485
1.56468
1.5645
1.56433
1.56416
1.56399
1.56382
1.56365
1.56348
1.56331
1.56314
1.56297
1.5628
1.56264
1.56247
1.5623
1.56213
1.56196
1.56179
1.56163
1.56146
1.56129
1.56112
1.56096
1.56079
1.56062
1.56046
1.56029
1.56013
1.55996
1.55979
1.55963
1.55946
1.5593
1.55913
1.55897
1.55881
1.55864
1.55848
1.55831
1.55815
1.55799
1.55782
1.55766
1.5575
1.55734
1.55717
1.55701
1.55685
1.55669
1.55652
1.55636
1.5562
1.55604
1.55588
1.55572
1.55556
1.5554
1.55524
1.55508
1.55492
1.55476
1.5546
1.55444
1.55428
1.55412
1.55396
1.5538
1.55365
1.55349
1.55333
1.55317
1.55302
1.55286
1.5527
1.55254
1.55239
1.55223
1.55207
1.55192
1.55176
1.5516
1.55145
1.55129
1.55114
1.55098
1.55083
1.55067
1.55052
1.55036
1.55021
1.55005
1.5499
1.54975
1.54959
1.54944
1.54929
1.54913
1.54898
1.54883
1.54868
1.54852
1.54837
1.54822
1.54807
1.54791
1.54776
1.54761
1.54746
1.54731
1.54716
1.54701
1.54686
1.54671
1.54656
1.54641
1.54626
1.54611
1.54596
1.54581
1.54566
1.54551
1.54536
1.54521
1.54506
1.54492
1.54477
1.54462
1.54447
1.54432
1.54418
1.54403
1.54388
1.54373
1.54359
1.54344
1.54329
1.54315
1.543
1.54286
1.54271
1.54256
1.54242
1.54227
1.54213
1.54198
1.54184
1.54169
1.54155
1.5414
1.54126
1.54112
1.54097
1.54083
1.54069
1.54054
1.5404
1.54026
1.54011
1.53997
1.53983
1.53968
1.53954
1.5394
1.53926
1.53912
1.53897
1.53883
1.53869
1.53855
1.53841
1.53827
1.53813
1.53799
1.53785
1.53771
1.53757
1.53743
1.53729
1.53715
1.53701
1.53687
1.53673
1.53659
1.53645
1.53631
1.53617
1.53603
1.5359
1.53576
1.53562
1.53548
1.53534
1.53521
1.53507
1.53493
1.53479
1.53466
1.53452
1.53438
1.53425
1.53411
1.53398
1.53384
1.5337
1.53357
1.53343
1.5333
1.53316
1.53303
1.53289
1.53276
1.53262
1.53249
1.53235
1.53222
1.53208
1.53195
1.53182
1.53168
1.53155
1.53141
1.53128
1.53115
1.53102
1.53088
1.53075
1.53062
1.53048
1.53035
1.53022
1.53009
1.52996
1.52982
1.52969
1.52956
1.52943
1.5293
1.52917
1.52904
1.52891
1.52878
1.52865
1.52851
1.52838
1.52825
1.52812
1.528
1.52787
1.52774
1.52761
1.52748
1.52735
1.52722
1.52709
1.52696
1.52683
1.52671
1.52658
1.52645
1.52632
1.52619
1.52607
1.52594
1.52581
1.52568
1.52556
1.52543
1.5253
1.52517
1.52505
1.52492
1.5248
1.52467
1.52454
1.52442
1.52429
1.52417
1.52404
1.52391
1.52379
1.52366
1.52354
1.52341
1.52329
1.52316
1.52304
1.52292
1.52279
1.52267
1.52254
1.52242
1.5223
1.52217
1.52205
1.52193
1.5218
1.52168
1.52156
1.52143
1.52131
1.52119
1.52107
1.52094
1.52082
1.5207
1.52058
1.52045
1.52033
1.52021
1.52009
1.51997
1.51985
1.51973
1.51961
1.51948
1.51936
1.51924
1.51912
1.519
1.51888
1.51876
1.51864
1.51852
1.5184
1.51828
1.51816
1.51804
1.51793
1.51781
1.51769
1.51757
1.51745
1.51733
1.51721
1.51709
1.51698
1.51686
1.51674
1.51662
1.5165
1.51639
1.51627
1.51615
1.51604
1.51592
1.5158
1.51568
1.51557
1.51545
1.51533
1.51522
1.5151
1.51499
1.51487
1.51475
1.51464
1.51452
1.51441
1.51429
1.51418
1.51406
1.51394
1.51383
1.51372
1.5136
1.51349
1.51337
1.51326
1.51314
1.51303
1.51291
1.5128
1.51269
1.51257
1.51246
1.51235
1.51223
1.51212
1.51201
1.51189
1.51178
1.51167
1.51155
1.51144
1.51133
1.51122
1.5111
1.51099
1.51088
1.51077
1.51066
1.51054
1.51043
1.51032
1.51021
1.5101
1.50999
1.50988
1.50977
1.50966
1.50954
1.50943
1.50932
1.50921
1.5091
1.50899
1.50888
1.50877
1.50866
1.50855
1.50844
1.50833
1.50823
1.50812
1.50801
1.5079
1.50779
1.50768
1.50757
1.50746
1.50735
1.50725
1.50714
1.50703
1.50692
1.50681
1.50671
1.5066
1.50649
1.50638
1.50628
1.50617
1.50606
1.50595
1.50585
1.50574
1.50563
1.50553
1.50542
1.50531
1.50521
1.5051
1.50499
1.50489
1.50478
1.50468
1.50457
1.50447
1.50436
1.50425
1.50415
1.50404
1.50394
1.50383
1.50373
1.50362
1.50352
1.50341
1.50331
1.50321
1.5031
1.503
1.50289
1.50279
1.50268
1.50258
1.50248
1.50237
1.50227
1.50217
1.50206
1.50196
1.50186
1.50175
1.50165
1.50155
1.50145
1.50134
1.50124
1.50114
1.50104
1.50093
1.50083
1.50073
1.50063
1.50053
1.50042
1.50032
1.50022
1.50012
1.50002
1.49992
1.49982
1.49972
1.49961
1.49951
1.49941
1.49931
1.49921
1.49911
1.49901
1.49891
1.49881
1.49871
1.49861
1.49851
1.49841
1.49831
1.49821
1.49811
1.49801
1.49791
1.49781
1.49772
1.49762
1.49752
1.49742
1.49732
1.49722
1.49712
1.49702
1.49693
1.49683
1.49673
1.49663
1.49653
1.49644
1.49634
1.49624
1.49614
1.49605
1.49595
1.49585
1.49575
1.49566
1.49556
1.49546
1.49537
1.49527
1.49517
1.49508
1.49498
1.49488
1.49479
1.49469
1.49459
1.4945
1.4944
1.49431
1.49421
1.49411
1.49402
1.49392
1.49383
1.49373
1.49364
1.49354
1.49345
1.49335
1.49326
1.49316
1.49307
1.49297
1.49288
1.49278
1.49269
1.4926
1.4925
1.49241
1.49231
1.49222
1.49213
1.49203
1.49194
1.49185
1.49175
1.49166
1.49157
1.49147
1.49138
1.49129
1.49119
1.4911
1.49101
1.49091
1.49082
1.49073
1.49064
1.49055
1.49045
1.49036
1.49027
1.49018
1.49008
1.48999
1.4899
1.48981
1.48972
1.48963
1.48954
1.48944
1.48935
1.48926
1.48917
1.48908
1.48899
1.4889
1.48881
1.48872
1.48863
1.48854
1.48845
1.48835
1.48826
1.48817
1.48808
1.48799
1.4879
1.48781
1.48773
1.48764
1.48755
1.48746
1.48737
1.48728
1.48719
1.4871
1.48701
1.48692
1.48683
1.48674
1.48665
1.48657
1.48648
1.48639
1.4863
1.48621
1.48612
1.48604
1.48595
1.48586
1.48577
1.48568
1.4856
1.48551
1.48542
1.48533
1.48525
1.48516
1.48507
1.48498
1.4849
1.48481
1.48472
1.48464
1.48455
1.48446
1.48438
1.48429
1.4842
1.48412
1.48403
1.48394
1.48386
1.48377
1.48369
1.4836
1.48351
1.48343
1.48334
1.48326
1.48317
1.48309
1.483
1.48292
1.48283
1.48274
1.48266
1.48257
1.48249
1.4824
1.48232
1.48224
1.48215
1.48207
1.48198
1.4819
1.48181
1.48173
1.48164
1.48156
1.48148
1.48139
1.48131
1.48122
1.48114
1.48106
1.48097
1.48089
1.48081
1.48072
1.48064
1.48056
1.48047
1.48039
1.48031
1.48022
1.48014
1.48006
1.47998
1.47989
1.47981
1.47973
1.47965
1.47956
1.47948
1.4794
1.47932
1.47924
1.47915
1.47907
1.47899
1.47891
1.47883
1.47875
1.47866
1.47858
1.4785
1.47842
1.47834
1.47826
1.47818
1.4781
1.47801
1.47793
1.47785
1.47777
1.47769
1.47761
1.47753
1.47745
1.47737
1.47729
1.47721
1.47713
1.47705
1.47697
1.47689
1.47681
1.47673
1.47665
1.47657
1.47649
1.47641
1.47633
1.47625
1.47617
1.47609
1.47601
1.47593
1.47586
1.47578
1.4757
1.47562
1.47554
1.47546
1.47538
1.4753
1.47523
1.47515
1.47507
1.47499
1.47491
1.47483
1.47476
1.47468
1.4746
1.47452
1.47444
1.47437
1.47429
1.47421
1.47413
1.47406
1.47398
1.4739
1.47382
1.47375
1.47367
1.47359
1.47352
1.47344
1.47336
1.47328
1.47321
1.47313
1.47305
1.47298
1.4729
1.47283
1.47275
1.47267
1.4726
1.47252
1.47244
1.47237
1.47229
1.47222
1.47214
1.47206
1.47199
1.47191
1.47184
1.47176
1.47169
1.47161
1.47154
1.47146
1.47139
1.47131
1.47124
1.47116
1.47109
1.47101
1.47094
1.47086
1.47079
1.47071
1.47064
1.47056
1.47049
1.47041
1.47034
1.47027
1.47019
1.47012
1.47004
1.46997
1.4699
1.46982
1.46975
1.46967
1.4696
1.46953
1.46945
1.46938
1.46931
1.46923
1.46916
1.46909
1.46901
1.46894
1.46887
1.4688
1.46872
1.46865
1.46858
1.4685
1.46843
1.46836
1.46829
1.46821
1.46814
1.46807
1.468
1.46792
1.46785
1.46778
1.46771
1.46764
1.46756
1.46749
1.46742
1.46735
1.46728
1.46721
1.46713
1.46706
1.46699
1.46692
1.46685
1.46678
1.46671
1.46663
1.46656
1.46649
1.46642
1.46635
1.46628
1.46621
1.46614
1.46607
1.466
1.46593
1.46586
1.46579
1.46572
1.46565
1.46557
1.4655
1.46543
1.46536
1.46529
1.46522
1.46515
1.46508
1.46501
1.46495
1.46488
1.46481
1.46474
1.46467
1.4646
1.46453
1.46446
1.46439
1.46432
1.46425
1.46418
1.46411
1.46404
1.46398
1.46391
1.46384
1.46377
1.4637
1.46363
1.46356
1.46349
1.46343
1.46336
1.46329
1.46322
1.46315
1.46308
1.46302
1.46295
1.46288
1.46281
1.46274
1.46268
1.46261
1.46254
1.46247
1.46241
1.46234
1.46227
1.4622
1.46214
1.46207
1.462
1.46193
1.46187
1.4618
1.46173
1.46167
1.4616
1.46153
1.46146
1.4614
1.46133
1.46126
1.4612
1.46113
1.46106
1.461
1.46093
1.46087
1.4608
1.46073
1.46067
1.4606
1.46053
1.46047
1.4604
1.46034
1.46027
1.46021
1.46014
1.46007
1.46001
1.45994
1.45988
1.45981
1.45975
1.45968
1.45962
1.45955
1.45948
1.45942
1.45935
1.45929
1.45922
1.45916
1.45909
1.45903
1.45896
1.4589
1.45884
1.45877
1.45871
1.45864
1.45858
1.45851
1.45845
1.45838
1.45832
1.45826
1.45819
1.45813
1.45806
1.458
1.45793
1.45787
1.45781
1.45774
1.45768
1.45762
1.45755
1.45749
1.45742
1.45736
1.4573
1.45723
1.45717
1.45711
1.45704
1.45698
1.45692
1.45686
1.45679
1.45673
1.45667
1.4566
1.45654
1.45648
1.45641
1.45635
1.45629
1.45623
1.45616
1.4561
1.45604
1.45598
1.45591
1.45585
1.45579
1.45573
1.45567
1.4556
1.45554
1.45548
1.45542
1.45536
1.45529
1.45523
1.45517
1.45511
1.45505
1.45499
1.45492
1.45486
1.4548
1.45474
1.45468
1.45462
1.45456
1.45449
1.45443
1.45437
1.45431
1.45425
1.45419
1.45413
1.45407
1.45401
1.45395
1.45388
1.45382
1.45376
1.4537
1.45364
1.45358
1.45352
1.45346
1.4534
1.45334
1.45328
1.45322
1.45316
1.4531
1.45304
1.45298
1.45292
1.45286
1.4528
1.45274
1.45268
1.45262
1.45256
1.4525
1.45244
1.45238
1.45232
1.45226
1.4522
1.45214
1.45208
1.45203
1.45197
1.45191
1.45185
1.45179
1.45173
1.45167
1.45161
1.45155
1.45149
1.45143
1.45138
1.45132
1.45126
1.4512
1.45114
1.45108
1.45102
1.45097
1.45091
1.45085
1.45079
1.45073
1.45067
1.45062
1.45056
1.4505
1.45044
1.45038
1.45033
1.45027
1.45021
1.45015
1.45009
1.45004
1.44998
1.44992
1.44986
1.44981
1.44975
1.44969
1.44963
1.44958
1.44952
1.44946
1.4494
1.44935
1.44929
1.44923
1.44918
1.44912
1.44906
1.44901
1.44895
1.44889
1.44883
1.44878
1.44872
1.44866
1.44861
1.44855
1.44849
1.44844
1.44838
1.44833
1.44827
1.44821
1.44816
1.4481
1.44804
1.44799
1.44793
1.44788
1.44782
1.44776
1.44771
1.44765
1.4476
1.44754
1.44748
1.44743
1.44737
1.44732
1.44726
1.44721
1.44715
1.4471
1.44704
1.44698
1.44693
1.44687
1.44682
1.44676
1.44671
1.44665
1.4466
1.44654
1.44649
1.44643
1.44638
1.44632
1.44627
1.44621
1.44616
1.4461
1.44605
1.44599
1.44594
1.44589
1.44583
1.44578
1.44572
1.44567
1.44561
1.44556
1.4455
1.44545
1.4454
1.44534
1.44529
1.44523
1.44518
1.44513
1.44507
1.44502
1.44496
1.44491
1.44486
1.4448
1.44475
1.4447
1.44464
1.44459
1.44454
1.44448
1.44443
1.44437
1.44432
1.44427
1.44421
1.44416
1.44411
1.44406
1.444
1.44395
1.4439
1.44384
1.44379
1.44374
1.44368
1.44363
1.44358
1.44353
1.44347
1.44342
1.44337
1.44332
1.44326
1.44321
1.44316
1.4431
1.44305
1.443
1.44295
1.4429
1.44284
1.44279
1.44274
1.44269
1.44263
1.44258
1.44253
1.44248
1.44243
1.44237
1.44232
1.44227
1.44222
1.44217
1.44212
1.44206
1.44201
1.44196
1.44191
1.44186
1.44181
1.44175
1.4417
1.44165
1.4416
1.44155
1.4415
1.44145
1.4414
1.44134
1.44129
1.44124
1.44119
1.44114
1.44109
1.44104
1.44099
1.44094
1.44089
1.44083
1.44078
1.44073
1.44068
1.44063
1.44058
1.44053
1.44048
1.44043
1.44038
1.44033
1.44028
1.44023
1.44018
1.44013
1.44008
1.44003
1.43998
1.43993
1.43988
1.43983
1.43978
1.43973
1.43968
1.43963
1.43958
1.43953
1.43948
1.43943
1.43938
1.43933
1.43928
1.43923
1.43918
1.43913
1.43908
1.43903
1.43898
1.43893
1.43888
1.43883
1.43879
1.43874
1.43869
1.43864
1.43859
1.43854
1.43849
1.43844
1.43839
1.43834
1.43829
1.43825
1.4382
1.43815
1.4381
1.43805
1.438
1.43795
1.4379
1.43786
1.43781
1.43776
1.43771
1.43766
1.43761
1.43756
1.43752
1.43747
1.43742
1.43737
1.43732
1.43728
1.43723
1.43718
1.43713
1.43708
1.43703
1.43699
1.43694
1.43689
1.43684
1.4368
1.43675
1.4367
1.43665
1.4366
1.43656
1.43651
1.43646
1.43641
1.43637
1.43632
1.43627
1.43622
1.43618
1.43613
1.43608
1.43603
1.43599
1.43594
1.43589
1.43585
1.4358
1.43575
1.4357
1.43566
1.43561
1.43556
1.43552
1.43547
1.43542
1.43538
1.43533
1.43528
1.43524
1.43519
1.43514
1.4351
1.43505
1.435
1.43496
1.43491
1.43486
1.43482
1.43477
1.43472
1.43468
1.43463
1.43459
1.43454
1.43449
1.43445
1.4344
1.43436
1.43431
1.43426
1.43422
1.43417
1.43413
1.43408
1.43403
1.43399
1.43394
1.4339
1.43385
1.4338
1.43376
1.43371
1.43367
1.43362
1.43358
1.43353
1.43349
1.43344
1.4334
1.43335
1.4333
1.43326
1.43321
1.43317
1.43312
1.43308
1.43303
1.43299
1.43294
1.4329
1.43285
1.43281
1.43276
1.43272
1.43267
1.43263
1.43258
1.43254
1.43249
1.43245
1.4324
1.43236
1.43231
1.43227
1.43223
1.43218
1.43214
1.43209
1.43205
1.432
1.43196
1.43191
1.43187
1.43183
1.43178
1.43174
1.43169
1.43165
1.4316
1.43156
1.43152
1.43147
1.43143
1.43138
1.43134
1.4313
1.43125
1.43121
1.43117
1.43112
1.43108
1.43103
1.43099
1.43095
1.4309
1.43086
1.43082
1.43077
1.43073
1.43069
1.43064
1.4306
1.43055
1.43051
1.43047
1.43042
1.43038
1.43034
1.43029
1.43025
1.43021
1.43017
1.43012
1.43008
1.43004
1.42999
1.42995
1.42991
1.42986
1.42982
1.42978
1.42974
1.42969
1.42965
1.42961
1.42956
1.42952
1.42948
1.42944
1.42939
1.42935
1.42931
1.42927
1.42922
1.42918
1.42914
1.4291
1.42905
1.42901
1.42897
1.42893
1.42889
1.42884
1.4288
1.42876
1.42872
1.42867
1.42863
1.42859
1.42855
1.42851
1.42846
1.42842
1.42838
1.42834
1.4283
1.42825
1.42821
1.42817
1.42813
1.42809
1.42805
1.428
1.42796
1.42792
1.42788
1.42784
1.4278
1.42776
1.42771
1.42767
1.42763
1.42759
1.42755
1.42751
1.42747
1.42742
1.42738
1.42734
1.4273
1.42726
1.42722
1.42718
1.42714
1.4271
1.42705
1.42701
1.42697
1.42693
1.42689
1.42685
1.42681
1.42677
1.42673
1.42669
1.42665
1.42661
1.42656
1.42652
1.42648
1.42644
1.4264
1.42636
1.42632
1.42628
1.42624
1.4262
1.42616
1.42612
1.42608
1.42604
1.426
1.42596
1.42592
1.42588
1.42584
1.4258
1.42576
1.42572
1.42568
1.42564
1.4256
1.42556
1.42552
1.42548
1.42544
1.4254
1.42536
1.42532
1.42528
1.42524
1.4252
1.42516
1.42512
1.42508
1.42504
1.425
1.42496
1.42492
1.42488
1.42484
1.4248
1.42476
1.42472
1.42468
1.42464
1.4246
1.42457
1.42453
1.42449
1.42445
1.42441
1.42437
1.42433
1.42429
1.42425
1.42421
1.42417
1.42413
1.4241
1.42406
1.42402
1.42398
1.42394
1.4239
1.42386
1.42382
1.42378
1.42375
1.42371
1.42367
1.42363
1.42359
1.42355
1.42351
1.42348
1.42344
1.4234
1.42336
1.42332
1.42328
1.42324
1.42321
1.42317
1.42313
1.42309
1.42305
1.42301
1.42298
1.42294
1.4229
1.42286
1.42282
1.42278
1.42275
1.42271
1.42267
1.42263
1.42259
1.42256
1.42252
1.42248
1.42244
1.4224
1.42237
1.42233
1.42229
1.42225
1.42222
1.42218
1.42214
1.4221
1.42206
1.42203
1.42199
1.42195
1.42191
1.42188
1.42184
1.4218
1.42176
1.42173
1.42169
1.42165
1.42161
1.42158
1.42154
1.4215
1.42147
1.42143
1.42139
1.42135
1.42132
1.42128
1.42124
1.42121
1.42117
1.42113
1.42109
1.42106
1.42102
1.42098
1.42095
1.42091
1.42087
1.42084
1.4208
1.42076
1.42073
1.42069
1.42065
1.42062
1.42058
1.42054
1.42051
1.42047
1.42043
1.4204
1.42036
1.42032
1.42029
1.42025
1.42021
1.42018
1.42014
1.4201
1.42007
1.42003
1.41999
1.41996
1.41992
1.41989
1.41985
1.41981
1.41978
1.41974
1.41971
1.41967
1.41963
1.4196
1.41956
1.41952
1.41949
1.41945
1.41942
1.41938
1.41935
1.41931
1.41927
1.41924
1.4192
1.41917
1.41913
1.41909
1.41906
1.41902
1.41899
1.41895
1.41892
1.41888
1.41885
1.41881
1.41877
1.41874
1.4187
1.41867
1.41863
1.4186
1.41856
1.41853
1.41849
1.41846
1.41842
1.41838
1.41835
1.41831
1.41828
1.41824
1.41821
1.41817
1.41814
1.4181
1.41807
1.41803
1.418
1.41796
1.41793
1.41789
1.41786
1.41782
1.41779
1.41775
1.41772
1.41768
1.41765
1.41761
1.41758
1.41755
1.41751
1.41748
1.41744
1.41741
1.41737
1.41734
1.4173
1.41727
1.41723
1.4172
1.41716
1.41713
1.4171
1.41706
1.41703
1.41699
1.41696
1.41692
1.41689
1.41686
1.41682
1.41679
1.41675
1.41672
1.41668
1.41665
1.41662
1.41658
1.41655
1.41651
1.41648
1.41645
1.41641
1.41638
1.41634
1.41631
1.41628
1.41624
1.41621
1.41617
1.41614
1.41611
1.41607
1.41604
1.416
1.41597
1.41594
1.4159
1.41587
1.41584
1.4158
1.41577
1.41574
1.4157
1.41567
1.41564
1.4156
1.41557
1.41553
1.4155
1.41547
1.41543
1.4154
1.41537
1.41533
1.4153
1.41527
1.41523
1.4152
1.41517
1.41513
1.4151
1.41507
1.41504
1.415
1.41497
1.41494
1.4149
1.41487
1.41484
1.4148
1.41477
1.41474
1.41471
1.41467
1.41464
1.41461
1.41457
1.41454
1.41451
1.41448
1.41444
1.41441
1.41438
1.41434
1.41431
1.41428
1.41425
1.41421
1.41418
1.41415
1.41412
1.41408
1.41405
1.41402
1.41399
1.41395
1.41392
1.41389
1.41386
1.41382
1.41379
1.41376
1.41373
1.41369
1.41366
1.41363
1.4136
1.41357
1.41353
1.4135
1.41347
1.41344
1.4134
1.41337
1.41334
1.41331
1.41328
1.41324
1.41321
1.41318
1.41315
1.41312
1.41308
1.41305
1.41302
1.41299
1.41296
1.41293
1.41289
1.41286
1.41283
1.4128
1.41277
1.41273
1.4127
1.41267
1.41264
1.41261
1.41258
1.41254
1.41251
1.41248
1.41245
1.41242
1.41239
1.41236
1.41232
1.41229
1.41226
1.41223
1.4122
1.41217
1.41214
1.4121
1.41207
1.41204
1.41201
1.41198
1.41195
1.41192
1.41189
1.41185
1.41182
1.41179
1.41176
1.41173
1.4117
1.41167
1.41164
1.41161
1.41157
1.41154
1.41151
1.41148
1.41145
1.41142
1.41139
1.41136
1.41133
1.4113
1.41127
1.41124
1.4112
1.41117
1.41114
1.41111
1.41108
1.41105
1.41102
1.41099
1.41096
1.41093
1.4109
1.41087
1.41084
1.41081
1.41078
1.41075
1.41071
1.41068
1.41065
1.41062
1.41059
1.41056
1.41053
1.4105
1.41047
1.41044
1.41041
1.41038
1.41035
1.41032
1.41029
1.41026
1.41023
1.4102
1.41017
1.41014
1.41011
1.41008
1.41005
1.41002
1.40999
1.40996
1.40993
1.4099
1.40987
1.40984
1.40981
1.40978
1.40975
1.40972
1.40969
1.40966
1.40963
1.4096
1.40957
1.40954
1.40951
1.40948
1.40945
1.40942
1.40939
1.40936
1.40933
1.4093
1.40927
1.40924
1.40921
1.40919
1.40916
1.40913
1.4091
1.40907
1.40904
1.40901
1.40898
1.40895
1.40892
1.40889
1.40886
1.40883
1.4088
1.40877
1.40874
1.40871
1.40869
1.40866
1.40863
1.4086
1.40857
1.40854
1.40851
1.40848
1.40845
1.40842
1.40839
1.40837
1.40834
1.40831
1.40828
1.40825
1.40822
1.40819
1.40816
1.40813
1.4081
1.40808
1.40805
1.40802
1.40799
1.40796
1.40793
1.4079
1.40787
1.40785
1.40782
1.40779
1.40776
1.40773
1.4077
1.40767
1.40764
1.40762
1.40759
1.40756
1.40753
1.4075
1.40747
1.40744
1.40742
1.40739
1.40736
1.40733
1.4073
1.40727
1.40725
1.40722
1.40719
1.40716
1.40713
1.4071
1.40708
1.40705
1.40702
1.40699
1.40696
1.40693
1.40691
1.40688
1.40685
1.40682
1.40679
1.40677
1.40674
1.40671
1.40668
1.40665
1.40663
1.4066
1.40657
1.40654
1.40651
1.40649
1.40646
1.40643
1.4064
1.40637
1.40635
1.40632
1.40629
1.40626
1.40623
1.40621
1.40618
1.40615
1.40612
1.4061
1.40607
1.40604
1.40601
1.40599
1.40596
1.40593
1.4059
1.40587
1.40585
1.40582
1.40579
1.40576
1.40574
1.40571
1.40568
1.40565
1.40563
1.4056
1.40557
1.40555
1.40552
1.40549
1.40546
1.40544
1.40541
1.40538
1.40535
1.40533
1.4053
1.40527
1.40525
1.40522
1.40519
1.40516
1.40514
1.40511
1.40508
1.40506
1.40503
1.405
1.40497
1.40495
1.40492
1.40489
1.40487
1.40484
1.40481
1.40478
1.40476
1.40473
1.4047
1.40468
1.40465
1.40462
1.4046
1.40457
1.40454
1.40452
1.40449
1.40446
1.40444
1.40441
1.40438
1.40436
1.40433
1.4043
1.40428
1.40425
1.40422
1.4042
1.40417
1.40414
1.40412
1.40409
1.40406
1.40404
1.40401
1.40398
1.40396
1.40393
1.4039
1.40388
1.40385
1.40383
1.4038
1.40377
1.40375
1.40372
1.40369
1.40367
1.40364
1.40361
1.40359
1.40356
1.40354
1.40351
1.40348
1.40346
1.40343
1.40341
1.40338
1.40335
1.40333
1.4033
1.40327
1.40325
1.40322
1.4032
1.40317
1.40314
1.40312
1.40309
1.40307
1.40304
1.40302
1.40299
1.40296
1.40294
1.40291
1.40289
1.40286
1.40283
1.40281
1.40278
1.40276
1.40273
1.40271
1.40268
1.40265
1.40263
1.4026
1.40258
1.40255
1.40253
1.4025
1.40247
1.40245
1.40242
1.4024
1.40237
1.40235
1.40232
1.4023
1.40227
1.40224
1.40222
1.40219
1.40217
1.40214
1.40212
1.40209
1.40207
1.40204
1.40202
1.40199
1.40197
1.40194
1.40191
1.40189
1.40186
1.40184
1.40181
1.40179
1.40176
1.40174
1.40171
1.40169
1.40166
1.40164
1.40161
1.40159
1.40156
1.40154
1.40151
1.40149
1.40146
1.40144
1.40141
1.40139
1.40136
1.40134
1.40131
1.40129
1.40126
1.40124
1.40121
1.40119
1.40116
1.40114
1.40111
1.40109
1.40106
1.40104
1.40101
1.40099
1.40096
1.40094
1.40091
1.40089
1.40087
1.40084
1.40082
1.40079
1.40077
1.40074
1.40072
1.40069
1.40067
1.40064
1.40062
1.40059
1.40057
1.40055
1.40052
1.4005
1.40047
1.40045
1.40042
1.4004
1.40037
1.40035
1.40033
1.4003
1.40028
1.40025
1.40023
1.4002
1.40018
1.40015
1.40013
1.40011
1.40008
1.40006
1.40003
1.40001
1.39999
1.39996
1.39994
1.39991
1.39989
1.39986
1.39984
1.39982
1.39979
1.39977
1.39974
1.39972
1.3997
1.39967
1.39965
1.39962
1.3996
1.39958
1.39955
1.39953
1.3995
1.39948
1.39946
1.39943
1.39941
1.39938
1.39936
1.39934
1.39931
1.39929
1.39927
1.39924
1.39922
1.39919
1.39917
1.39915
1.39912
1.3991
1.39908
1.39905
1.39903
1.399
1.39898
1.39896
1.39893
1.39891
1.39889
1.39886
1.39884
1.39882
1.39879
1.39877
1.39875
1.39872
1.3987
1.39867
1.39865
1.39863
1.3986
1.39858
1.39856
1.39853
1.39851
1.39849
1.39846
1.39844
1.39842
1.39839
1.39837
1.39835
1.39832
1.3983
1.39828
1.39825
1.39823
1.39821
1.39818
1.39816
1.39814
1.39812
1.39809
1.39807
1.39805
1.39802
1.398
1.39798
1.39795
1.39793
1.39791
1.39788
1.39786
1.39784
1.39782
1.39779
1.39777
1.39775
1.39772
1.3977
1.39768
1.39765
1.39763
1.39761
1.39759
1.39756
1.39754
1.39752
1.39749
1.39747
1.39745
1.39743
1.3974
1.39738
1.39736
1.39733
1.39731
1.39729
1.39727
1.39724
1.39722
1.3972
1.39718
1.39715
1.39713
1.39711
1.39709
1.39706
1.39704
1.39702
1.397
1.39697
1.39695
1.39693
1.39691
1.39688
1.39686
1.39684
1.39682
1.39679
1.39677
1.39675
1.39673
1.3967
1.39668
1.39666
1.39664
1.39661
1.39659
1.39657
1.39655
1.39652
1.3965
1.39648
1.39646
1.39644
1.39641
1.39639
1.39637
1.39635
1.39632
1.3963
1.39628
1.39626
1.39624
1.39621
1.39619
1.39617
1.39615
1.39613
1.3961
1.39608
1.39606
1.39604
1.39602
1.39599
1.39597
1.39595
1.39593
1.39591
1.39588
1.39586
1.39584
1.39582
1.3958
1.39577
1.39575
1.39573
1.39571
1.39569
1.39566
1.39564
1.39562
1.3956
1.39558
1.39556
1.39553
1.39551
1.39549
1.39547
1.39545
1.39542
1.3954
1.39538
1.39536
1.39534
1.39532
1.3953
1.39527
1.39525
1.39523
1.39521
1.39519
1.39517
1.39514
1.39512
1.3951
1.39508
1.39506
1.39504
1.39501
1.39499
1.39497
1.39495
1.39493
1.39491
1.39489
1.39486
1.39484
1.39482
1.3948
1.39478
1.39476
1.39474
1.39472
1.39469
1.39467
1.39465
1.39463
1.39461
1.39459
1.39457
1.39455
1.39452
1.3945
1.39448
1.39446
1.39444
1.39442
1.3944
1.39438
1.39435
1.39433
1.39431
1.39429
1.39427
1.39425
1.39423
1.39421
1.39419
1.39416
1.39414
1.39412
1.3941
1.39408
1.39406
1.39404
1.39402
1.394
1.39398
1.39396
1.39393
1.39391
1.39389
1.39387
1.39385
1.39383
1.39381
1.39379
1.39377
1.39375
1.39373
1.39371
1.39368
1.39366
1.39364
1.39362
1.3936
1.39358
1.39356
1.39354
1.39352
1.3935
1.39348
1.39346
1.39344
1.39342
1.39339
1.39337
1.39335
1.39333
1.39331
1.39329
1.39327
1.39325
1.39323
1.39321
1.39319
1.39317
1.39315
1.39313
1.39311
1.39309
1.39307
1.39305
1.39303
1.393
1.39298
1.39296
1.39294
1.39292
1.3929
1.39288
1.39286
1.39284
1.39282
1.3928
1.39278
1.39276
1.39274
1.39272
1.3927
1.39268
1.39266
1.39264
1.39262
1.3926
1.39258
1.39256
1.39254
1.39252
1.3925
1.39248
1.39246
1.39244
1.39242
1.3924
1.39238
1.39236
1.39234
1.39232
1.3923
1.39228
1.39226
1.39224
1.39222
1.3922
1.39218
1.39216
1.39214
1.39212
1.3921
1.39208
1.39206
1.39204
1.39202
1.392
1.39198
1.39196
1.39194
1.39192
1.3919
1.39188
1.39186
1.39184
1.39182
1.3918
1.39178
1.39176
1.39174
1.39172
1.3917
1.39168
1.39166
1.39164
1.39162
1.3916
1.39158
1.39156
1.39154
1.39152
1.3915
1.39148
1.39146
1.39144
1.39143
1.39141
1.39139
1.39137
1.39135
1.39133
1.39131
1.39129
1.39127
1.39125
1.39123
1.39121
1.39119
1.39117
1.39115
1.39113
1.39111
1.39109
1.39107
1.39105
1.39104
1.39102
1.391
1.39098
1.39096
1.39094
1.39092
1.3909
1.39088
1.39086
1.39084
1.39082
1.3908
1.39078
1.39076
1.39075
1.39073
1.39071
1.39069
1.39067
1.39065
1.39063
1.39061
1.39059
1.39057
1.39055
1.39053
1.39052
1.3905
1.39048
1.39046
1.39044
1.39042
1.3904
1.39038
1.39036
1.39034
1.39032
1.39031
1.39029
1.39027
1.39025
1.39023
1.39021
1.39019
1.39017
1.39015
1.39014
1.39012
1.3901
1.39008
1.39006
1.39004
1.39002
1.39
1.38998
1.38997
1.38995
1.38993
1.38991
1.38989
1.38987
1.38985
1.38983
1.38981
1.3898
1.38978
1.38976
1.38974
1.38972
1.3897
1.38968
1.38967
1.38965
1.38963
1.38961
1.38959
1.38957
1.38955
1.38953
1.38952
1.3895
1.38948
1.38946
1.38944
1.38942
1.3894
1.38939
1.38937
1.38935
1.38933
1.38931
1.38929
1.38927
1.38926
1.38924
1.38922
1.3892
1.38918
1.38916
1.38915
1.38913
1.38911
1.38909
1.38907
1.38905
1.38904
1.38902
1.389
1.38898
1.38896
1.38894
1.38893
1.38891
1.38889
1.38887
1.38885
1.38883
1.38882
1.3888
1.38878
1.38876
1.38874
1.38872
1.38871
1.38869
1.38867
1.38865
1.38863
1.38862
1.3886
1.38858
1.38856
1.38854
1.38852
1.38851
1.38849
1.38847
1.38845
1.38843
1.38842
1.3884
1.38838
1.38836
1.38834
1.38833
1.38831
1.38829
1.38827
1.38825
1.38824
1.38822
1.3882
1.38818
1.38816
1.38815
1.38813
1.38811
1.38809
1.38807
1.38806
1.38804
1.38802
1.388
1.38799
1.38797
1.38795
1.38793
1.38791
1.3879
1.38788
1.38786
1.38784
1.38783
1.38781
1.38779
1.38777
1.38775
1.38774
1.38772
1.3877
1.38768
1.38767
1.38765
1.38763
1.38761
1.3876
1.38758
1.38756
1.38754
1.38752
1.38751
1.38749
1.38747
1.38745
1.38744
1.38742
1.3874
1.38738
1.38737
1.38735
1.38733
1.38731
1.3873
1.38728
1.38726
1.38724
1.38723
1.38721
1.38719
1.38717
1.38716
1.38714
1.38712
1.3871
1.38709
1.38707
1.38705
1.38704
1.38702
1.387
1.38698
1.38697
1.38695
1.38693
1.38691
1.3869
1.38688
1.38686
1.38684
1.38683
1.38681
1.38679
1.38678
1.38676
1.38674
1.38672
1.38671
1.38669
1.38667
1.38666
1.38664
1.38662
1.3866
1.38659
1.38657
1.38655
1.38654
1.38652
1.3865
1.38648
1.38647
1.38645
1.38643
1.38642
1.3864
1.38638
1.38636
1.38635
1.38633
1.38631
1.3863
1.38628
1.38626
1.38625
1.38623
1.38621
1.38619
1.38618
1.38616
1.38614
1.38613
1.38611
1.38609
1.38608
1.38606
1.38604
1.38603
1.38601
1.38599
1.38597
1.38596
1.38594
1.38592
1.38591
1.38589
1.38587
1.38586
1.38584
1.38582
1.38581
1.38579
1.38577
1.38576
1.38574
1.38572
1.38571
1.38569
1.38567
1.38566
1.38564
1.38562
1.38561
1.38559
1.38557
1.38556
1.38554
1.38552
1.38551
1.38549
1.38547
1.38546
1.38544
1.38542
1.38541
1.38539
1.38537
1.38536
1.38534
1.38532
1.38531
1.38529
1.38527
1.38526
1.38524
1.38523
1.38521
1.38519
1.38518
1.38516
1.38514
1.38513
1.38511
1.38509
1.38508
1.38506
1.38504
1.38503
1.38501
1.385
1.38498
1.38496
1.38495
1.38493
1.38491
1.3849
1.38488
1.38486
1.38485
1.38483
1.38482
1.3848
1.38478
1.38477
1.38475
1.38473
1.38472
1.3847
1.38469
1.38467
1.38465
1.38464
1.38462
1.3846
1.38459
1.38457
1.38456
1.38454
1.38452
1.38451
1.38449
1.38448
1.38446
1.38444
1.38443
1.38441
1.3844
1.38438
1.38436
1.38435
1.38433
1.38432
1.3843
1.38428
1.38427
1.38425
1.38423
1.38422
1.3842
1.38419
1.38417
1.38416
1.38414
1.38412
1.38411
1.38409
1.38408
1.38406
1.38404
1.38403
1.38401
1.384
1.38398
1.38396
1.38395
1.38393
1.38392
1.3839
1.38388
1.38387
1.38385
1.38384
1.38382
1.38381
1.38379
1.38377
1.38376
1.38374
1.38373
1.38371
1.3837
1.38368
1.38366
1.38365
1.38363
1.38362
1.3836
1.38359
1.38357
1.38355
1.38354
1.38352
1.38351
1.38349
1.38348
1.38346
1.38344
1.38343
1.38341
1.3834
1.38338
1.38337
1.38335
1.38334
1.38332
1.3833
1.38329
1.38327
1.38326
1.38324
1.38323
1.38321
1.3832
1.38318
1.38316
1.38315
1.38313
1.38312
1.3831
1.38309
1.38307
1.38306
1.38304
1.38303
1.38301
1.38299
1.38298
1.38296
1.38295
1.38293
1.38292
1.3829
1.38289
1.38287
1.38286
1.38284
1.38283
1.38281
1.3828
1.38278
1.38276
1.38275
1.38273
1.38272
1.3827
1.38269
1.38267
1.38266
1.38264
1.38263
1.38261
1.3826
1.38258
1.38257
1.38255
1.38254
1.38252
1.38251
1.38249
1.38248
1.38246
1.38244
1.38243
1.38241
1.3824
1.38238
1.38237
1.38235
1.38234
1.38232
1.38231
1.38229
1.38228
1.38226
1.38225
1.38223
1.38222
1.3822
1.38219
1.38217
1.38216
1.38214
1.38213
1.38211
1.3821
1.38208
1.38207
1.38205
1.38204
1.38202
1.38201
1.38199
1.38198
1.38196
1.38195
1.38193
1.38192
1.3819
1.38189
1.38187
1.38186
1.38184
1.38183
1.38182
1.3818
1.38179
1.38177
1.38176
1.38174
1.38173
1.38171
1.3817
1.38168
1.38167
1.38165
1.38164
1.38162
1.38161
1.38159
1.38158
1.38156
1.38155
1.38153
1.38152
1.3815
1.38149
1.38148
1.38146
1.38145
1.38143
1.38142
1.3814
1.38139
1.38137
1.38136
1.38134
1.38133
1.38131
1.3813
1.38129
1.38127
1.38126
1.38124
1.38123
1.38121
1.3812
1.38118
1.38117
1.38115
1.38114
1.38112
1.38111
1.3811
1.38108
1.38107
1.38105
1.38104
1.38102
1.38101
1.38099
1.38098
1.38097
1.38095
1.38094
1.38092
1.38091
1.38089
1.38088
1.38086
1.38085
1.38084
1.38082
1.38081
1.38079
1.38078
1.38076
1.38075
1.38074
1.38072
1.38071
1.38069
1.38068
1.38066
1.38065
1.38063
1.38062
1.38061
1.38059
1.38058
1.38056
1.38055
1.38053
1.38052
1.38051
1.38049
1.38048
1.38046
1.38045
1.38044
1.38042
1.38041
1.38039
1.38038
1.38036
1.38035
1.38034
1.38032
1.38031
1.38029
1.38028
1.38027
1.38025
1.38024
1.38022
1.38021
1.38019
1.38018
1.38017
1.38015
1.38014
1.38012
1.38011
1.3801
1.38008
1.38007
1.38005
1.38004
1.38003
1.38001
1.38
1.37998
1.37997
1.37996
1.37994
1.37993
1.37991
1.3799
1.37989
1.37987
1.37986
1.37984
1.37983
1.37982
1.3798
1.37979
1.37977
1.37976
1.37975
1.37973
1.37972
1.37971
1.37969
1.37968
1.37966
1.37965
1.37964
1.37962
1.37961
1.37959
1.37958
1.37957
1.37955
1.37954
1.37953
1.37951
1.3795
1.37948
1.37947
1.37946
1.37944
1.37943
1.37942
1.3794
1.37939
1.37937
1.37936
1.37935
1.37933
1.37932
1.37931
1.37929
1.37928
1.37926
1.37925
1.37924
1.37922
1.37921
1.3792
1.37918
1.37917
1.37916
1.37914
1.37913
1.37911
1.3791
1.37909
1.37907
1.37906
1.37905
1.37903
1.37902
1.37901
1.37899
1.37898
1.37897
1.37895
1.37894
1.37892
1.37891
1.3789
1.37888
1.37887
1.37886
1.37884
1.37883
1.37882
1.3788
1.37879
1.37878
1.37876
1.37875
1.37874
1.37872
1.37871
1.3787
1.37868
1.37867
1.37866
1.37864
1.37863
1.37862
1.3786
1.37859
1.37858
1.37856
1.37855
1.37854
1.37852
1.37851
1.3785
1.37848
1.37847
1.37846
1.37844
1.37843
1.37842
1.3784
1.37839
1.37838
1.37836
1.37835
1.37834
1.37832
1.37831
1.3783
1.37828
1.37827
1.37826
1.37824
1.37823
1.37822
1.3782
1.37819
1.37818
1.37816
1.37815
1.37814
1.37812
1.37811
1.3781
1.37809
1.37807
1.37806
1.37805
1.37803
1.37802
1.37801
1.37799
1.37798
1.37797
1.37795
1.37794
1.37793
1.37791
1.3779
1.37789
1.37788
1.37786
1.37785
1.37784
1.37782
1.37781
1.3778
1.37778
1.37777
1.37776
1.37775
1.37773
1.37772
1.37771
1.37769
1.37768
1.37767
1.37765
1.37764
1.37763
1.37762
1.3776
1.37759
1.37758
1.37756
1.37755
1.37754
1.37753
1.37751
1.3775
1.37749
1.37747
1.37746
1.37745
1.37744
1.37742
1.37741
1.3774
1.37738
1.37737
1.37736
1.37735
1.37733
1.37732
1.37731
1.37729
1.37728
1.37727
1.37726
1.37724
1.37723
1.37722
1.37721
1.37719
1.37718
1.37717
1.37715
1.37714
1.37713
1.37712
1.3771
1.37709
1.37708
1.37707
1.37705
1.37704
1.37703
1.37701
1.377
1.37699
1.37698
1.37696
1.37695
1.37694
1.37693
1.37691
1.3769
1.37689
1.37688
1.37686
1.37685
1.37684
1.37683
1.37681
1.3768
1.37679
1.37678
1.37676
1.37675
1.37674
1.37672
1.37671
1.3767
1.37669
1.37667
1.37666
1.37665
1.37664
1.37662
1.37661
1.3766
1.37659
1.37657
1.37656
1.37655
1.37654
1.37653
1.37651
1.3765
1.37649
1.37648
1.37646
1.37645
1.37644
1.37643
1.37641
1.3764
1.37639
1.37638
1.37636
1.37635
1.37634
1.37633
1.37631
1.3763
1.37629
1.37628
1.37626
1.37625
1.37624
1.37623
1.37622
1.3762
1.37619
1.37618
1.37617
1.37615
1.37614
1.37613
1.37612
1.37611
1.37609
1.37608
1.37607
1.37606
1.37604
1.37603
1.37602
1.37601
1.37599
1.37598
1.37597
1.37596
1.37595
1.37593
1.37592
1.37591
1.3759
1.37589
1.37587
1.37586
1.37585
1.37584
1.37582
1.37581
1.3758
1.37579
1.37578
1.37576
1.37575
1.37574
1.37573
1.37572
1.3757
1.37569
1.37568
1.37567
1.37566
1.37564
1.37563
1.37562
1.37561
1.37559
1.37558
1.37557
1.37556
1.37555
1.37553
1.37552
1.37551
1.3755
1.37549
1.37547
1.37546
1.37545
1.37544
1.37543
1.37541
1.3754
1.37539
1.37538
1.37537
1.37536
1.37534
1.37533
1.37532
1.37531
1.3753
1.37528
1.37527
1.37526
1.37525
1.37524
1.37522
1.37521
1.3752
1.37519
1.37518
1.37516
1.37515
1.37514
1.37513
1.37512
1.37511
1.37509
1.37508
1.37507
1.37506
1.37505
1.37503
1.37502
1.37501
1.375
1.37499
1.37498
1.37496
1.37495
1.37494
1.37493
1.37492
1.37491
1.37489
1.37488
1.37487
1.37486
1.37485
1.37483
1.37482
1.37481
1.3748
1.37479
1.37478
1.37476
1.37475
1.37474
1.37473
1.37472
1.37471
1.37469
1.37468
1.37467
1.37466
1.37465
1.37464
1.37462
1.37461
1.3746
1.37459
1.37458
1.37457
1.37456
1.37454
1.37453
1.37452
1.37451
1.3745
1.37449
1.37447
1.37446
1.37445
1.37444
1.37443
1.37442
1.3744
1.37439
1.37438
1.37437
1.37436
1.37435
1.37434
1.37432
1.37431
1.3743
1.37429
1.37428
1.37427
1.37426
1.37424
1.37423
1.37422
1.37421
1.3742
1.37419
1.37418
1.37416
1.37415
1.37414
1.37413
1.37412
1.37411
1.3741
1.37408
1.37407
1.37406
1.37405
1.37404
1.37403
1.37402
1.374
1.37399
1.37398
1.37397
1.37396
1.37395
1.37394
1.37393
1.37391
1.3739
1.37389
1.37388
1.37387
1.37386
1.37385
1.37383
1.37382
1.37381
1.3738
1.37379
1.37378
1.37377
1.37376
1.37374
1.37373
1.37372
1.37371
1.3737
1.37369
1.37368
1.37367
1.37365
1.37364
1.37363
1.37362
1.37361
1.3736
1.37359
1.37358
1.37357
1.37355
1.37354
1.37353
1.37352
1.37351
1.3735
1.37349
1.37348
1.37347
1.37345
1.37344
1.37343
1.37342
1.37341
1.3734
1.37339
1.37338
1.37337
1.37335
1.37334
1.37333
1.37332
1.37331
1.3733
1.37329
1.37328
1.37327
1.37325
1.37324
1.37323
1.37322
1.37321
1.3732
1.37319
1.37318
1.37317
1.37316
1.37314
1.37313
1.37312
1.37311
1.3731
1.37309
1.37308
1.37307
1.37306
1.37305
1.37303
1.37302
1.37301
1.373
1.37299
1.37298
1.37297
1.37296
1.37295
1.37294
1.37293
1.37291
1.3729
1.37289
1.37288
1.37287
1.37286
1.37285
1.37284
1.37283
1.37282
1.37281
1.37279
1.37278
1.37277
1.37276
1.37275
1.37274
1.37273
1.37272
1.37271
1.3727
1.37269
1.37268
1.37267
1.37265
1.37264
1.37263
1.37262
1.37261
1.3726
1.37259
1.37258
1.37257
1.37256
1.37255
1.37254
1.37253
1.37251
1.3725
1.37249
1.37248
1.37247
1.37246
1.37245
1.37244
1.37243
1.37242
1.37241
1.3724
1.37239
1.37238
1.37236
1.37235
1.37234
1.37233
1.37232
1.37231
1.3723
1.37229
1.37228
1.37227
1.37226
1.37225
1.37224
1.37223
1.37222
1.37221
1.37219
1.37218
1.37217
1.37216
1.37215
1.37214
1.37213
1.37212
1.37211
1.3721
1.37209
1.37208
1.37207
1.37206
1.37205
1.37204
1.37203
1.37202
1.372
1.37199
1.37198
1.37197
1.37196
1.37195
1.37194
1.37193
1.37192
1.37191
1.3719
1.37189
1.37188
1.37187
1.37186
1.37185
1.37184
1.37183
1.37182
1.37181
1.3718
1.37178
1.37177
1.37176
1.37175
1.37174
1.37173
1.37172
1.37171
1.3717
1.37169
1.37168
1.37167
1.37166
1.37165
1.37164
1.37163
1.37162
1.37161
1.3716
1.37159
1.37158
1.37157
1.37156
1.37155
1.37154
1.37153
1.37152
1.37151
1.37149
1.37148
1.37147
1.37146
1.37145
1.37144
1.37143
1.37142
1.37141
1.3714
1.37139
1.37138
1.37137
1.37136
1.37135
1.37134
1.37133
1.37132
1.37131
1.3713
1.37129
1.37128
1.37127
1.37126
1.37125
1.37124
1.37123
1.37122
1.37121
1.3712
1.37119
1.37118
1.37117
1.37116
1.37115
1.37114
1.37113
1.37112
1.37111
1.3711
1.37109
1.37108
1.37107
1.37106
1.37105
1.37104
1.37103
1.37101
1.371
1.37099
1.37098
1.37097
1.37096
1.37095
1.37094
1.37093
1.37092
1.37091
1.3709
1.37089
1.37088
1.37087
1.37086
1.37085
1.37084
1.37083
1.37082
1.37081
1.3708
1.37079
1.37078
1.37077
1.37076
1.37075
1.37074
1.37073
1.37072
1.37071
1.3707
1.37069
1.37068
1.37067
1.37066
1.37065
1.37064
1.37063
1.37062
1.37061
1.3706
1.37059
1.37058
1.37057
1.37056
1.37055
1.37054
1.37053
1.37052
1.37051
1.3705
1.37049
1.37049
1.37048
1.37047
1.37046
1.37045
1.37044
1.37043
1.37042
1.37041
1.3704
1.37039
1.37038
1.37037
1.37036
1.37035
1.37034
1.37033
1.37032
1.37031
1.3703
1.37029
1.37028
1.37027
1.37026
1.37025
1.37024
1.37023
1.37022
1.37021
1.3702
1.37019
1.37018
1.37017
1.37016
1.37015
1.37014
1.37013
1.37012
1.37011
1.3701
1.37009
1.37008
1.37007
1.37006
1.37005
1.37004
1.37003
1.37002
1.37001
1.37001
1.37
1.36999
1.36998
1.36997
1.36996
1.36995
1.36994
1.36993
1.36992
1.36991
1.3699
1.36989
1.36988
1.36987
1.36986
1.36985
1.36984
1.36983
1.36982
1.36981
1.3698
1.36979
1.36978
1.36977
1.36976
1.36975
1.36974
1.36974
1.36973
1.36972
1.36971
1.3697
1.36969
1.36968
1.36967
1.36966
1.36965
1.36964
1.36963
1.36962
1.36961
1.3696
1.36959
1.36958
1.36957
1.36956
1.36955
1.36954
1.36953
1.36952
1.36952
1.36951
1.3695
1.36949
1.36948
1.36947
1.36946
1.36945
1.36944
1.36943
1.36942
1.36941
1.3694
1.36939
1.36938
1.36937
1.36936
1.36935
1.36935
1.36934
1.36933
1.36932
1.36931
1.3693
1.36929
1.36928
1.36927
1.36926
1.36925
1.36924
1.36923
1.36922
1.36921
1.3692
1.36919
1.36919
1.36918
1.36917
1.36916
1.36915
1.36914
1.36913
1.36912
1.36911
1.3691
1.36909
1.36908
1.36907
1.36906
1.36905
1.36905
1.36904
1.36903
1.36902
1.36901
1.369
1.36899
1.36898
1.36897
1.36896
1.36895
1.36894
1.36893
1.36892
1.36891
1.36891
1.3689
1.36889
1.36888
1.36887
1.36886
1.36885
1.36884
1.36883
1.36882
1.36881
1.3688
1.36879
1.36879
1.36878
1.36877
1.36876
1.36875
1.36874
1.36873
1.36872
1.36871
1.3687
1.36869
1.36868
1.36868
1.36867
1.36866
1.36865
1.36864
1.36863
1.36862
1.36861
1.3686
1.36859
1.36858
1.36857
1.36857
1.36856
1.36855
1.36854
1.36853
1.36852
1.36851
1.3685
1.36849
1.36848
1.36847
1.36847
1.36846
1.36845
1.36844
1.36843
1.36842
1.36841
1.3684
1.36839
1.36838
1.36837
1.36837
1.36836
1.36835
1.36834
1.36833
1.36832
1.36831
1.3683
1.36829
1.36828
1.36828
1.36827
1.36826
1.36825
1.36824
1.36823
1.36822
1.36821
1.3682
1.36819
1.36819
1.36818
1.36817
1.36816
1.36815
1.36814
1.36813
1.36812
1.36811
1.3681
1.3681
1.36809
1.36808
1.36807
1.36806
1.36805
1.36804
1.36803
1.36802
1.36802
1.36801
1.368
1.36799
1.36798
1.36797
1.36796
1.36795
1.36794
1.36794
1.36793
1.36792
1.36791
1.3679
1.36789
1.36788
1.36787
1.36786
1.36786
1.36785
1.36784
1.36783
1.36782
1.36781
1.3678
1.36779
1.36779
1.36778
1.36777
1.36776
1.36775
1.36774
1.36773
1.36772
1.36771
1.36771
1.3677
1.36769
1.36768
1.36767
1.36766
1.36765
1.36764
1.36764
1.36763
1.36762
1.36761
1.3676
1.36759
1.36758
1.36757
1.36757
1.36756
1.36755
1.36754
1.36753
1.36752
1.36751
1.3675
1.3675
1.36749
1.36748
1.36747
1.36746
1.36745
1.36744
1.36744
1.36743
1.36742
1.36741
1.3674
1.36739
1.36738
1.36737
1.36737
1.36736
1.36735
1.36734
1.36733
1.36732
1.36731
1.36731
1.3673
1.36729
1.36728
1.36727
1.36726
1.36725
1.36724
1.36724
1.36723
1.36722
1.36721
1.3672
1.36719
1.36718
1.36718
1.36717
1.36716
1.36715
1.36714
1.36713
1.36712
1.36712
1.36711
1.3671
1.36709
1.36708
1.36707
1.36706
1.36706
1.36705
1.36704
1.36703
1.36702
1.36701
1.36701
1.367
1.36699
1.36698
1.36697
1.36696
1.36695
1.36695
1.36694
1.36693
1.36692
1.36691
1.3669
1.36689
1.36689
1.36688
1.36687
1.36686
1.36685
1.36684
1.36684
1.36683
1.36682
1.36681
1.3668
1.36679
1.36678
1.36678
1.36677
1.36676
1.36675
1.36674
1.36673
1.36673
1.36672
1.36671
1.3667
1.36669
1.36668
1.36668
1.36667
1.36666
1.36665
1.36664
1.36663
1.36663
1.36662
1.36661
1.3666
1.36659
1.36658
1.36657
1.36657
1.36656
1.36655
1.36654
1.36653
1.36652
1.36652
1.36651
1.3665
1.36649
1.36648
1.36647
1.36647
1.36646
1.36645
1.36644
1.36643
1.36643
1.36642
1.36641
1.3664
1.36639
1.36638
1.36638
1.36637
1.36636
1.36635
1.36634
1.36633
1.36633
1.36632
1.36631
1.3663
1.36629
1.36628
1.36628
1.36627
1.36626
1.36625
1.36624
1.36624
1.36623
1.36622
1.36621
1.3662
1.36619
1.36619
1.36618
1.36617
1.36616
1.36615
1.36614
1.36614
1.36613
1.36612
1.36611
1.3661
1.3661
1.36609
1.36608
1.36607
1.36606
1.36606
1.36605
1.36604
1.36603
1.36602
1.36601
1.36601
1.366
1.36599
1.36598
1.36597
1.36597
1.36596
1.36595
1.36594
1.36593
1.36592
1.36592
1.36591
1.3659
1.36589
1.36588
1.36588
1.36587
1.36586
1.36585
1.36584
1.36584
1.36583
1.36582
1.36581
1.3658
1.3658
1.36579
1.36578
1.36577
1.36576
1.36576
1.36575
1.36574
1.36573
1.36572
1.36572
1.36571
1.3657
1.36569
1.36568
1.36568
1.36567
1.36566
1.36565
1.36564
1.36564
1.36563
1.36562
1.36561
1.3656
1.3656
1.36559
1.36558
1.36557
1.36556
1.36556
1.36555
1.36554
1.36553
1.36552
1.36552
1.36551
1.3655
1.36549
1.36548
1.36548
1.36547
1.36546
1.36545
1.36544
1.36544
1.36543
1.36542
1.36541
1.3654
1.3654
1.36539
1.36538
1.36537
1.36536
1.36536
1.36535
1.36534
1.36533
1.36533
1.36532
1.36531
1.3653
1.36529
1.36529
1.36528
1.36527
1.36526
1.36525
1.36525
1.36524
1.36523
1.36522
1.36522
1.36521
1.3652
1.36519
1.36518
1.36518
1.36517
1.36516
1.36515
1.36514
1.36514
1.36513
1.36512
1.36511
1.36511
1.3651
1.36509
1.36508
1.36507
1.36507
1.36506
1.36505
1.36504
1.36504
1.36503
1.36502
1.36501
1.365
1.365
1.36499
1.36498
1.36497
1.36497
1.36496
1.36495
1.36494
1.36494
1.36493
1.36492
1.36491
1.3649
1.3649
1.36489
1.36488
1.36487
1.36487
1.36486
1.36485
1.36484
1.36483
1.36483
1.36482
1.36481
1.3648
1.3648
1.36479
1.36478
1.36477
1.36477
1.36476
1.36475
1.36474
1.36474
1.36473
1.36472
1.36471
1.3647
1.3647
1.36469
1.36468
1.36467
1.36467
1.36466
1.36465
1.36464
1.36464
1.36463
1.36462
1.36461
1.36461
1.3646
1.36459
1.36458
1.36457
1.36457
1.36456
1.36455
1.36454
1.36454
1.36453
1.36452
1.36451
1.36451
1.3645
1.36449
1.36448
1.36448
1.36447
1.36446
1.36445
1.36445
1.36444
1.36443
1.36442
1.36442
1.36441
1.3644
1.36439
1.36439
1.36438
1.36437
1.36436
1.36436
1.36435
1.36434
1.36433
1.36433
1.36432
1.36431
1.3643
1.3643
1.36429
1.36428
1.36427
1.36427
1.36426
1.36425
1.36424
1.36424
1.36423
1.36422
1.36421
1.36421
1.3642
1.36419
1.36418
1.36418
1.36417
1.36416
1.36415
1.36415
1.36414
1.36413
1.36412
1.36412
1.36411
1.3641
1.36409
1.36409
1.36408
1.36407
1.36406
1.36406
1.36405
1.36404
1.36403
1.36403
1.36402
1.36401
1.36401
1.364
1.36399
1.36398
1.36398
1.36397
1.36396
1.36395
1.36395
1.36394
1.36393
1.36392
1.36392
1.36391
1.3639
1.36389
1.36389
1.36388
1.36387
1.36387
1.36386
1.36385
1.36384
1.36384
1.36383
1.36382
1.36381
1.36381
1.3638
1.36379
1.36378
1.36378
1.36377
1.36376
1.36376
1.36375
1.36374
1.36373
1.36373
1.36372
1.36371
1.3637
1.3637
1.36369
1.36368
1.36368
1.36367
1.36366
1.36365
1.36365
1.36364
1.36363
1.36362
1.36362
1.36361
1.3636
1.3636
1.36359
1.36358
1.36357
1.36357
1.36356
1.36355
1.36354
1.36354
1.36353
1.36352
1.36352
1.36351
1.3635
1.36349
1.36349
1.36348
1.36347
1.36347
1.36346
1.36345
1.36344
1.36344
1.36343
1.36342
1.36342
1.36341
1.3634
1.36339
1.36339
1.36338
1.36337
1.36336
1.36336
1.36335
1.36334
1.36334
1.36333
1.36332
1.36331
1.36331
1.3633
1.36329
1.36329
1.36328
1.36327
1.36326
1.36326
1.36325
1.36324
1.36324
1.36323
1.36322
1.36322
1.36321
1.3632
1.36319
1.36319
1.36318
1.36317
1.36317
1.36316
1.36315
1.36314
1.36314
1.36313
1.36312
1.36312
1.36311
1.3631
1.36309
1.36309
1.36308
1.36307
1.36307
1.36306
1.36305
1.36305
1.36304
1.36303
1.36302
1.36302
1.36301
1.363
1.363
1.36299
1.36298
1.36298
1.36297
1.36296
1.36295
1.36295
1.36294
1.36293
1.36293
1.36292
1.36291
1.36291
1.3629
1.36289
1.36288
1.36288
1.36287
1.36286
1.36286
1.36285
1.36284
1.36284
1.36283
1.36282
1.36281
1.36281
1.3628
1.36279
1.36279
1.36278
1.36277
1.36277
1.36276
1.36275
1.36274
1.36274
1.36273
1.36272
1.36272
1.36271
1.3627
1.3627
1.36269
1.36268
1.36268
1.36267
1.36266
1.36265
1.36265
1.36264
1.36263
1.36263
1.36262
1.36261
1.36261
1.3626
1.36259
1.36259
1.36258
1.36257
1.36257
1.36256
1.36255
1.36254
1.36254
1.36253
1.36252
1.36252
1.36251
1.3625
1.3625
1.36249
1.36248
1.36248
1.36247
1.36246
1.36246
1.36245
1.36244
1.36244
1.36243
1.36242
1.36241
1.36241
1.3624
1.36239
1.36239
1.36238
1.36237
1.36237
1.36236
1.36235
1.36235
1.36234
1.36233
1.36233
1.36232
1.36231
1.36231
1.3623
1.36229
1.36229
1.36228
1.36227
1.36227
1.36226
1.36225
1.36225
1.36224
1.36223
1.36222
1.36222
1.36221
1.3622
1.3622
1.36219
1.36218
1.36218
1.36217
1.36216
1.36216
1.36215
1.36214
1.36214
1.36213
1.36212
1.36212
1.36211
1.3621
1.3621
1.36209
1.36208
1.36208
1.36207
1.36206
1.36206
1.36205
1.36204
1.36204
1.36203
1.36202
1.36202
1.36201
1.362
1.362
1.36199
1.36198
1.36198
1.36197
1.36196
1.36196
1.36195
1.36194
1.36194
1.36193
1.36192
1.36192
1.36191
1.3619
1.3619
1.36189
1.36188
1.36188
1.36187
1.36186
1.36186
1.36185
1.36184
1.36184
1.36183
1.36182
1.36182
1.36181
1.3618
1.3618
1.36179
1.36178
1.36178
1.36177
1.36176
1.36176
1.36175
1.36174
1.36174
1.36173
1.36173
1.36172
1.36171
1.36171
1.3617
1.36169
1.36169
1.36168
1.36167
1.36167
1.36166
1.36165
1.36165
1.36164
1.36163
1.36163
1.36162
1.36161
1.36161
1.3616
1.36159
1.36159
1.36158
1.36157
1.36157
1.36156
1.36156
1.36155
1.36154
1.36154
1.36153
1.36152
1.36152
1.36151
1.3615
1.3615
1.36149
1.36148
1.36148
1.36147
1.36146
1.36146
1.36145
1.36144
1.36144
1.36143
1.36143
1.36142
1.36141
1.36141
1.3614
1.36139
1.36139
1.36138
1.36137
1.36137
1.36136
1.36135
1.36135
1.36134
1.36133
1.36133
1.36132
1.36132
1.36131
1.3613
1.3613
1.36129
1.36128
1.36128
1.36127
1.36126
1.36126
1.36125
1.36125
1.36124
1.36123
1.36123
1.36122
1.36121
1.36121
1.3612
1.36119
1.36119
1.36118
1.36117
1.36117
1.36116
1.36116
1.36115
1.36114
1.36114
1.36113
1.36112
1.36112
1.36111
1.3611
1.3611
1.36109
1.36109
1.36108
1.36107
1.36107
1.36106
1.36105
1.36105
1.36104
1.36103
1.36103
1.36102
1.36102
1.36101
1.361
1.361
1.36099
1.36098
1.36098
1.36097
1.36097
1.36096
1.36095
1.36095
1.36094
1.36093
1.36093
1.36092
1.36091
1.36091
1.3609
1.3609
1.36089
1.36088
1.36088
1.36087
1.36086
1.36086
1.36085
1.36085
1.36084
1.36083
1.36083
1.36082
1.36081
1.36081
1.3608
1.3608
1.36079
1.36078
1.36078
1.36077
1.36076
1.36076
1.36075
1.36075
1.36074
1.36073
1.36073
1.36072
1.36071
1.36071
1.3607
1.3607
1.36069
1.36068
1.36068
1.36067
1.36067
1.36066
1.36065
1.36065
1.36064
1.36063
1.36063
1.36062
1.36062
1.36061
1.3606
1.3606
1.36059
1.36058
1.36058
1.36057
1.36057
1.36056
1.36055
1.36055
1.36054
1.36054
1.36053
1.36052
1.36052
1.36051
1.3605
1.3605
1.36049
1.36049
1.36048
1.36047
1.36047
1.36046
1.36046
1.36045
1.36044
1.36044
1.36043
1.36042
1.36042
1.36041
1.36041
1.3604
1.36039
1.36039
1.36038
1.36038
1.36037
1.36036
1.36036
1.36035
1.36035
1.36034
1.36033
1.36033
1.36032
1.36031
1.36031
1.3603
1.3603
1.36029
1.36028
1.36028
1.36027
1.36027
1.36026
1.36025
1.36025
1.36024
1.36024
1.36023
1.36022
1.36022
1.36021
1.36021
1.3602
1.36019
1.36019
1.36018
1.36018
1.36017
1.36016
1.36016
1.36015
1.36015
1.36014
1.36013
1.36013
1.36012
1.36012
1.36011
1.3601
1.3601
1.36009
1.36009
1.36008
1.36007
1.36007
1.36006
1.36006
1.36005
1.36004
1.36004
1.36003
1.36003
1.36002
1.36001
1.36001
1.36
1.36
1.35999
1.35998
1.35998
1.35997
1.35997
1.35996
1.35995
1.35995
1.35994
1.35994
1.35993
1.35992
1.35992
1.35991
1.35991
1.3599
1.35989
1.35989
1.35988
1.35988
1.35987
1.35986
1.35986
1.35985
1.35985
1.35984
1.35983
1.35983
1.35982
1.35982
1.35981
1.3598
1.3598
1.35979
1.35979
1.35978
1.35978
1.35977
1.35976
1.35976
1.35975
1.35975
1.35974
1.35973
1.35973
1.35972
1.35972
1.35971
1.3597
1.3597
1.35969
1.35969
1.35968
1.35968
1.35967
1.35966
1.35966
1.35965
1.35965
1.35964
1.35963
1.35963
1.35962
1.35962
1.35961
1.35961
1.3596
1.35959
1.35959
1.35958
1.35958
1.35957
1.35956
1.35956
1.35955
1.35955
1.35954
1.35954
1.35953
1.35952
1.35952
1.35951
1.35951
1.3595
1.35949
1.35949
1.35948
1.35948
1.35947
1.35947
1.35946
1.35945
1.35945
1.35944
1.35944
1.35943
1.35942
1.35942
1.35941
1.35941
1.3594
1.3594
1.35939
1.35938
1.35938
1.35937
1.35937
1.35936
1.35936
1.35935
1.35934
1.35934
1.35933
1.35933
1.35932
1.35932
1.35931
1.3593
1.3593
1.35929
1.35929
1.35928
1.35928
1.35927
1.35926
1.35926
1.35925
1.35925
1.35924
1.35924
1.35923
1.35922
1.35922
1.35921
1.35921
1.3592
1.3592
1.35919
1.35918
1.35918
1.35917
1.35917
1.35916
1.35916
1.35915
1.35914
1.35914
1.35913
1.35913
1.35912
1.35912
1.35911
1.3591
1.3591
1.35909
1.35909
1.35908
1.35908
1.35907
1.35906
1.35906
1.35905
1.35905
1.35904
1.35904
1.35903
1.35902
1.35902
1.35901
1.35901
1.359
1.359
1.35899
1.35899
1.35898
1.35897
1.35897
1.35896
1.35896
1.35895
1.35895
1.35894
1.35893
1.35893
1.35892
1.35892
1.35891
1.35891
1.3589
1.3589
1.35889
1.35888
1.35888
1.35887
1.35887
1.35886
1.35886
1.35885
1.35884
1.35884
1.35883
1.35883
1.35882
1.35882
1.35881
1.35881
1.3588
1.35879
1.35879
1.35878
1.35878
1.35877
1.35877
1.35876
1.35876
1.35875
1.35874
1.35874
1.35873
1.35873
1.35872
1.35872
1.35871
1.35871
1.3587
1.35869
1.35869
1.35868
1.35868
1.35867
1.35867
1.35866
1.35866
1.35865
1.35864
1.35864
1.35863
1.35863
1.35862
1.35862
1.35861
1.35861
1.3586
1.3586
1.35859
1.35858
1.35858
1.35857
1.35857
1.35856
1.35856
1.35855
1.35855
1.35854
1.35853
1.35853
1.35852
1.35852
1.35851
1.35851
1.3585
1.3585
1.35849
1.35849
1.35848
1.35847
1.35847
1.35846
1.35846
1.35845
1.35845
1.35844
1.35844
1.35843
1.35843
1.35842
1.35841
1.35841
1.3584
1.3584
1.35839
1.35839
1.35838
1.35838
1.35837
1.35837
1.35836
1.35835
1.35835
1.35834
1.35834
1.35833
1.35833
1.35832
1.35832
1.35831
1.35831
1.3583
1.3583
1.35829
1.35828
1.35828
1.35827
1.35827
1.35826
1.35826
1.35825
1.35825
1.35824
1.35824
1.35823
1.35823
1.35822
1.35821
1.35821
1.3582
1.3582
1.35819
1.35819
1.35818
1.35818
1.35817
1.35817
1.35816
1.35816
1.35815
1.35814
1.35814
1.35813
1.35813
1.35812
1.35812
1.35811
1.35811
1.3581
1.3581
1.35809
1.35809
1.35808
1.35808
1.35807
1.35806
1.35806
1.35805
1.35805
1.35804
1.35804
1.35803
1.35803
1.35802
1.35802
1.35801
1.35801
1.358
1.358
1.35799
1.35798
1.35798
1.35797
1.35797
1.35796
1.35796
1.35795
1.35795
1.35794
1.35794
1.35793
1.35793
1.35792
1.35792
1.35791
1.35791
1.3579
1.35789
1.35789
1.35788
1.35788
1.35787
1.35787
1.35786
1.35786
1.35785
1.35785
1.35784
1.35784
1.35783
1.35783
1.35782
1.35782
1.35781
1.35781
1.3578
1.35779
1.35779
1.35778
1.35778
1.35777
1.35777
1.35776
1.35776
1.35775
1.35775
1.35774
1.35774
1.35773
1.35773
1.35772
1.35772
1.35771
1.35771
1.3577
1.3577
1.35769
1.35768
1.35768
1.35767
1.35767
1.35766
1.35766
1.35765
1.35765
1.35764
1.35764
1.35763
1.35763
1.35762
1.35762
1.35761
1.35761
1.3576
1.3576
1.35759
1.35759
1.35758
1.35758
1.35757
1.35757
1.35756
1.35756
1.35755
1.35754
1.35754
1.35753
1.35753
1.35752
1.35752
1.35751
1.35751
1.3575
1.3575
1.35749
1.35749
1.35748
1.35748
1.35747
1.35747
1.35746
1.35746
1.35745
1.35745
1.35744
1.35744
1.35743
1.35743
1.35742
1.35742
1.35741
1.35741
1.3574
1.3574
1.35739
1.35739
1.35738
1.35738
1.35737
1.35737
1.35736
1.35735
1.35735
1.35734
1.35734
1.35733
1.35733
1.35732
1.35732
1.35731
1.35731
1.3573
1.3573
1.35729
1.35729
1.35728
1.35728
1.35727
1.35727
1.35726
1.35726
1.35725
1.35725
1.35724
1.35724
1.35723
1.35723
1.35722
1.35722
1.35721
1.35721
1.3572
1.3572
1.35719
1.35719
1.35718
1.35718
1.35717
1.35717
1.35716
1.35716
1.35715
1.35715
1.35714
1.35714
1.35713
1.35713
1.35712
1.35712
1.35711
1.35711
1.3571
1.3571
1.35709
1.35709
1.35708
1.35708
1.35707
1.35707
1.35706
1.35706
1.35705
1.35705
1.35704
1.35704
1.35703
1.35703
1.35702
1.35702
1.35701
1.35701
1.357
1.357
1.35699
1.35699
1.35698
1.35698
1.35697
1.35697
1.35696
1.35696
1.35695
1.35695
1.35694
1.35694
1.35693
1.35693
1.35692
1.35692
1.35691
1.35691
1.3569
1.3569
1.35689
1.35689
1.35688
1.35688
1.35687
1.35687
1.35686
1.35686
1.35685
1.35685
1.35684
1.35684
1.35683
1.35683
1.35682
1.35682
1.35681
1.35681
1.3568
1.3568
1.35679
1.35679
1.35678
1.35678
1.35677
1.35677
1.35676
1.35676
1.35675
1.35675
1.35674
1.35674
1.35673
1.35673
1.35672
1.35672
1.35671
1.35671
1.35671
1.3567
1.3567
1.35669
1.35669
1.35668
1.35668
1.35667
1.35667
1.35666
1.35666
1.35665
1.35665
1.35664
1.35664
1.35663
1.35663
1.35662
1.35662
1.35661
1.35661
1.3566
1.3566
1.35659
1.35659
1.35658
1.35658
1.35657
1.35657
1.35656
1.35656
1.35655
1.35655
1.35654
1.35654
1.35653
1.35653
1.35653
1.35652
1.35652
1.35651
1.35651
1.3565
1.3565
1.35649
1.35649
1.35648
1.35648
1.35647
1.35647
1.35646
1.35646
1.35645
1.35645
1.35644
1.35644
1.35643
1.35643
1.35642
1.35642
1.35641
1.35641
1.3564
1.3564
1.3564
1.35639
1.35639
1.35638
1.35638
1.35637
1.35637
1.35636
1.35636
1.35635
1.35635
1.35634
1.35634
1.35633
1.35633
1.35632
1.35632
1.35631
1.35631
1.3563
1.3563
1.35629
1.35629
1.35629
1.35628
1.35628
1.35627
1.35627
1.35626
1.35626
1.35625
1.35625
1.35624
1.35624
1.35623
1.35623
1.35622
1.35622
1.35621
1.35621
1.3562
1.3562
1.35619
1.35619
1.35619
1.35618
1.35618
1.35617
1.35617
1.35616
1.35616
1.35615
1.35615
1.35614
1.35614
1.35613
1.35613
1.35612
1.35612
1.35611
1.35611
1.35611
1.3561
1.3561
1.35609
1.35609
1.35608
1.35608
1.35607
1.35607
1.35606
1.35606
1.35605
1.35605
1.35604
1.35604
1.35603
1.35603
1.35603
1.35602
1.35602
1.35601
1.35601
1.356
1.356
1.35599
1.35599
1.35598
1.35598
1.35597
1.35597
1.35596
1.35596
1.35596
1.35595
1.35595
1.35594
1.35594
1.35593
1.35593
1.35592
1.35592
1.35591
1.35591
1.3559
1.3559
1.3559
1.35589
1.35589
1.35588
1.35588
1.35587
1.35587
1.35586
1.35586
1.35585
1.35585
1.35584
1.35584
1.35583
1.35583
1.35583
1.35582
1.35582
1.35581
1.35581
1.3558
1.3558
1.35579
1.35579
1.35578
1.35578
1.35577
1.35577
1.35577
1.35576
1.35576
1.35575
1.35575
1.35574
1.35574
1.35573
1.35573
1.35572
1.35572
1.35572
1.35571
1.35571
1.3557
1.3557
1.35569
1.35569
1.35568
1.35568
1.35567
1.35567
1.35566
1.35566
1.35566
1.35565
1.35565
1.35564
1.35564
1.35563
1.35563
1.35562
1.35562
1.35561
1.35561
1.35561
1.3556
1.3556
1.35559
1.35559
1.35558
1.35558
1.35557
1.35557
1.35556
1.35556
1.35556
1.35555
1.35555
1.35554
1.35554
1.35553
1.35553
1.35552
1.35552
1.35551
1.35551
1.35551
1.3555
1.3555
1.35549
1.35549
1.35548
1.35548
1.35547
1.35547
1.35547
1.35546
1.35546
1.35545
1.35545
1.35544
1.35544
1.35543
1.35543
1.35542
1.35542
1.35542
1.35541
1.35541
1.3554
1.3554
1.35539
1.35539
1.35538
1.35538
1.35538
1.35537
1.35537
1.35536
1.35536
1.35535
1.35535
1.35534
1.35534
1.35533
1.35533
1.35533
1.35532
1.35532
1.35531
1.35531
1.3553
1.3553
1.35529
1.35529
1.35529
1.35528
1.35528
1.35527
1.35527
1.35526
1.35526
1.35525
1.35525
1.35525
1.35524
1.35524
1.35523
1.35523
1.35522
1.35522
1.35521
1.35521
1.35521
1.3552
1.3552
1.35519
1.35519
1.35518
1.35518
1.35518
1.35517
1.35517
1.35516
1.35516
1.35515
1.35515
1.35514
1.35514
1.35514
1.35513
1.35513
1.35512
1.35512
1.35511
1.35511
1.3551
1.3551
1.3551
1.35509
1.35509
1.35508
1.35508
1.35507
1.35507
1.35507
1.35506
1.35506
1.35505
1.35505
1.35504
1.35504
1.35503
1.35503
1.35503
1.35502
1.35502
1.35501
1.35501
1.355
1.355
1.355
1.35499
1.35499
1.35498
1.35498
1.35497
1.35497
1.35496
1.35496
1.35496
1.35495
1.35495
1.35494
1.35494
1.35493
1.35493
1.35493
1.35492
1.35492
1.35491
1.35491
1.3549
1.3549
1.3549
1.35489
1.35489
1.35488
1.35488
1.35487
1.35487
1.35486
1.35486
1.35486
1.35485
1.35485
1.35484
1.35484
1.35483
1.35483
1.35483
1.35482
1.35482
1.35481
1.35481
1.3548
1.3548
1.3548
1.35479
1.35479
1.35478
1.35478
1.35477
1.35477
1.35477
1.35476
1.35476
1.35475
1.35475
1.35474
1.35474
1.35474
1.35473
1.35473
1.35472
1.35472
1.35471
1.35471
1.35471
1.3547
1.3547
1.35469
1.35469
1.35468
1.35468
1.35468
1.35467
1.35467
1.35466
1.35466
1.35465
1.35465
1.35465
1.35464
1.35464
1.35463
1.35463
1.35462
1.35462
1.35462
1.35461
1.35461
1.3546
1.3546
1.3546
1.35459
1.35459
1.35458
1.35458
1.35457
1.35457
1.35457
1.35456
1.35456
1.35455
1.35455
1.35454
1.35454
1.35454
1.35453
1.35453
1.35452
1.35452
1.35451
1.35451
1.35451
1.3545
1.3545
1.35449
1.35449
1.35449
1.35448
1.35448
1.35447
1.35447
1.35446
1.35446
1.35446
1.35445
1.35445
1.35444
1.35444
1.35443
1.35443
1.35443
1.35442
1.35442
1.35441
1.35441
1.35441
1.3544
1.3544
1.35439
1.35439
1.35438
1.35438
1.35438
1.35437
1.35437
1.35436
1.35436
1.35436
1.35435
1.35435
1.35434
1.35434
1.35433
1.35433
1.35433
1.35432
1.35432
1.35431
1.35431
1.35431
1.3543
1.3543
1.35429
1.35429
1.35428
1.35428
1.35428
1.35427
1.35427
1.35426
1.35426
1.35426
1.35425
1.35425
1.35424
1.35424
1.35423
1.35423
1.35423
1.35422
1.35422
1.35421
1.35421
1.35421
1.3542
1.3542
1.35419
1.35419
1.35419
1.35418
1.35418
1.35417
1.35417
1.35416
1.35416
1.35416
1.35415
1.35415
1.35414
1.35414
1.35414
1.35413
1.35413
1.35412
1.35412
1.35412
1.35411
1.35411
1.3541
1.3541
1.3541
1.35409
1.35409
1.35408
1.35408
1.35407
1.35407
1.35407
1.35406
1.35406
1.35405
1.35405
1.35405
1.35404
1.35404
1.35403
1.35403
1.35403
1.35402
1.35402
1.35401
1.35401
1.35401
1.354
1.354
1.35399
1.35399
1.35399
1.35398
1.35398
1.35397
1.35397
1.35396
1.35396
1.35396
1.35395
1.35395
1.35394
1.35394
1.35394
1.35393
1.35393
1.35392
1.35392
1.35392
1.35391
1.35391
1.3539
1.3539
1.3539
1.35389
1.35389
1.35388
1.35388
1.35388
1.35387
1.35387
1.35386
1.35386
1.35386
1.35385
1.35385
1.35384
1.35384
1.35384
1.35383
1.35383
1.35382
1.35382
1.35382
1.35381
1.35381
1.3538
1.3538
1.3538
1.35379
1.35379
1.35378
1.35378
1.35378
1.35377
1.35377
1.35376
1.35376
1.35376
1.35375
1.35375
1.35374
1.35374
1.35374
1.35373
1.35373
1.35372
1.35372
1.35372
1.35371
1.35371
1.3537
1.3537
1.3537
1.35369
1.35369
1.35368
1.35368
1.35368
1.35367
1.35367
1.35366
1.35366
1.35366
1.35365
1.35365
1.35364
1.35364
1.35364
1.35363
1.35363
1.35362
1.35362
1.35362
1.35361
1.35361
1.3536
1.3536
1.3536
1.35359
1.35359
1.35359
1.35358
1.35358
1.35357
1.35357
1.35357
1.35356
1.35356
1.35355
1.35355
1.35355
1.35354
1.35354
1.35353
1.35353
1.35353
1.35352
1.35352
1.35351
1.35351
1.35351
1.3535
1.3535
1.35349
1.35349
1.35349
1.35348
1.35348
1.35348
1.35347
1.35347
1.35346
1.35346
1.35346
1.35345
1.35345
1.35344
1.35344
1.35344
1.35343
1.35343
1.35342
1.35342
1.35342
1.35341
1.35341
1.35341
1.3534
1.3534
1.35339
1.35339
1.35339
1.35338
1.35338
1.35337
1.35337
1.35337
1.35336
1.35336
1.35335
1.35335
1.35335
1.35334
1.35334
1.35334
1.35333
1.35333
1.35332
1.35332
1.35332
1.35331
1.35331
1.3533
1.3533
1.3533
1.35329
1.35329
1.35329
1.35328
1.35328
1.35327
1.35327
1.35327
1.35326
1.35326
1.35325
1.35325
1.35325
1.35324
1.35324
1.35324
1.35323
1.35323
1.35322
1.35322
1.35322
1.35321
1.35321
1.3532
1.3532
1.3532
1.35319
1.35319
1.35319
1.35318
1.35318
1.35317
1.35317
1.35317
1.35316
1.35316
1.35315
1.35315
1.35315
1.35314
1.35314
1.35314
1.35313
1.35313
1.35312
1.35312
1.35312
1.35311
1.35311
1.35311
1.3531
1.3531
1.35309
1.35309
1.35309
1.35308
1.35308
1.35307
1.35307
1.35307
1.35306
1.35306
1.35306
1.35305
1.35305
1.35304
1.35304
1.35304
1.35303
1.35303
1.35303
1.35302
1.35302
1.35301
1.35301
1.35301
1.353
1.353
1.353
1.35299
1.35299
1.35298
1.35298
1.35298
1.35297
1.35297
1.35297
1.35296
1.35296
1.35295
1.35295
1.35295
1.35294
1.35294
1.35294
1.35293
1.35293
1.35292
1.35292
1.35292
1.35291
1.35291
1.35291
1.3529
1.3529
1.35289
1.35289
1.35289
1.35288
1.35288
1.35288
1.35287
1.35287
1.35286
1.35286
1.35286
1.35285
1.35285
1.35285
1.35284
1.35284
1.35283
1.35283
1.35283
1.35282
1.35282
1.35282
1.35281
1.35281
1.3528
1.3528
1.3528
1.35279
1.35279
1.35279
1.35278
1.35278
1.35278
1.35277
1.35277
1.35276
1.35276
1.35276
1.35275
1.35275
1.35275
1.35274
1.35274
1.35273
1.35273
1.35273
1.35272
1.35272
1.35272
1.35271
1.35271
1.3527
1.3527
1.3527
1.35269
1.35269
1.35269
1.35268
1.35268
1.35268
1.35267
1.35267
1.35266
1.35266
1.35266
1.35265
1.35265
1.35265
1.35264
1.35264
1.35264
1.35263
1.35263
1.35262
1.35262
1.35262
1.35261
1.35261
1.35261
1.3526
1.3526
1.35259
1.35259
1.35259
1.35258
1.35258
1.35258
1.35257
1.35257
1.35257
1.35256
1.35256
1.35255
1.35255
1.35255
1.35254
1.35254
1.35254
1.35253
1.35253
1.35253
1.35252
1.35252
1.35251
1.35251
1.35251
1.3525
1.3525
1.3525
1.35249
1.35249
1.35249
1.35248
1.35248
1.35247
1.35247
1.35247
1.35246
1.35246
1.35246
1.35245
1.35245
1.35245
1.35244
1.35244
1.35244
1.35243
1.35243
1.35242
1.35242
1.35242
1.35241
1.35241
1.35241
1.3524
1.3524
1.3524
1.35239
1.35239
1.35238
1.35238
1.35238
1.35237
1.35237
1.35237
1.35236
1.35236
1.35236
1.35235
1.35235
1.35235
1.35234
1.35234
1.35233
1.35233
1.35233
1.35232
1.35232
1.35232
1.35231
1.35231
1.35231
1.3523
1.3523
1.3523
1.35229
1.35229
1.35228
1.35228
1.35228
1.35227
1.35227
1.35227
1.35226
1.35226
1.35226
1.35225
1.35225
1.35225
1.35224
1.35224
1.35223
1.35223
1.35223
1.35222
1.35222
1.35222
1.35221
1.35221
1.35221
1.3522
1.3522
1.3522
1.35219
1.35219
1.35219
1.35218
1.35218
1.35217
1.35217
1.35217
1.35216
1.35216
1.35216
1.35215
1.35215
1.35215
1.35214
1.35214
1.35214
1.35213
1.35213
1.35213
1.35212
1.35212
1.35211
1.35211
1.35211
1.3521
1.3521
1.3521
1.35209
1.35209
1.35209
1.35208
1.35208
1.35208
1.35207
1.35207
1.35207
1.35206
1.35206
1.35205
1.35205
1.35205
1.35204
1.35204
1.35204
1.35203
1.35203
1.35203
1.35202
1.35202
1.35202
1.35201
1.35201
1.35201
1.352
1.352
1.352
1.35199
1.35199
1.35199
1.35198
1.35198
1.35197
1.35197
1.35197
1.35196
1.35196
1.35196
1.35195
1.35195
1.35195
1.35194
1.35194
1.35194
1.35193
1.35193
1.35193
1.35192
1.35192
1.35192
1.35191
1.35191
1.35191
1.3519
1.3519
1.35189
1.35189
1.35189
1.35188
1.35188
1.35188
1.35187
1.35187
1.35187
1.35186
1.35186
1.35186
1.35185
1.35185
1.35185
1.35184
1.35184
1.35184
1.35183
1.35183
1.35183
1.35182
1.35182
1.35182
1.35181
1.35181
1.35181
1.3518
1.3518
1.3518
1.35179
1.35179
1.35178
1.35178
1.35178
1.35177
1.35177
1.35177
1.35176
1.35176
1.35176
1.35175
1.35175
1.35175
1.35174
1.35174
1.35174
1.35173
1.35173
1.35173
1.35172
1.35172
1.35172
1.35171
1.35171
1.35171
1.3517
1.3517
1.3517
1.35169
1.35169
1.35169
1.35168
1.35168
1.35168
1.35167
1.35167
1.35167
1.35166
1.35166
1.35166
1.35165
1.35165
1.35165
1.35164
1.35164
1.35164
1.35163
1.35163
1.35163
1.35162
1.35162
1.35162
1.35161
1.35161
1.3516
1.3516
1.3516
1.35159
1.35159
1.35159
1.35158
1.35158
1.35158
1.35157
1.35157
1.35157
1.35156
1.35156
1.35156
1.35155
1.35155
1.35155
1.35154
1.35154
1.35154
1.35153
1.35153
1.35153
1.35152
1.35152
1.35152
1.35151
1.35151
1.35151
1.3515
1.3515
1.3515
1.35149
1.35149
1.35149
1.35148
1.35148
1.35148
1.35147
1.35147
1.35147
1.35146
1.35146
1.35146
1.35145
1.35145
1.35145
1.35144
1.35144
1.35144
1.35143
1.35143
1.35143
1.35142
1.35142
1.35142
1.35141
1.35141
1.35141
1.3514
1.3514
1.3514
1.35139
1.35139
1.35139
1.35138
1.35138
1.35138
1.35137
1.35137
1.35137
1.35136
1.35136
1.35136
1.35135
1.35135
1.35135
1.35134
1.35134
1.35134
1.35133
1.35133
1.35133
1.35132
1.35132
1.35132
1.35132
1.35131
1.35131
1.35131
1.3513
1.3513
1.3513
1.35129
1.35129
1.35129
1.35128
1.35128
1.35128
1.35127
1.35127
1.35127
1.35126
1.35126
1.35126
1.35125
1.35125
1.35125
1.35124
1.35124
1.35124
1.35123
1.35123
1.35123
1.35122
1.35122
1.35122
1.35121
1.35121
1.35121
1.3512
1.3512
1.3512
1.35119
1.35119
1.35119
1.35118
1.35118
1.35118
1.35117
1.35117
1.35117
1.35116
1.35116
1.35116
1.35115
1.35115
1.35115
1.35115
1.35114
1.35114
1.35114
1.35113
1.35113
1.35113
1.35112
1.35112
1.35112
1.35111
1.35111
1.35111
1.3511
1.3511
1.3511
1.35109
1.35109
1.35109
1.35108
1.35108
1.35108
1.35107
1.35107
1.35107
1.35106
1.35106
1.35106
1.35105
1.35105
1.35105
1.35104
1.35104
1.35104
1.35104
1.35103
1.35103
1.35103
1.35102
1.35102
1.35102
1.35101
1.35101
1.35101
1.351
1.351
1.351
1.35099
1.35099
1.35099
1.35098
1.35098
1.35098
1.35097
1.35097
1.35097
1.35096
1.35096
1.35096
1.35096
1.35095
1.35095
1.35095
1.35094
1.35094
1.35094
1.35093
1.35093
1.35093
1.35092
1.35092
1.35092
1.35091
1.35091
1.35091
1.3509
1.3509
1.3509
1.35089
1.35089
1.35089
1.35089
1.35088
1.35088
1.35088
1.35087
1.35087
1.35087
1.35086
1.35086
1.35086
1.35085
1.35085
1.35085
1.35084
1.35084
1.35084
1.35083
1.35083
1.35083
1.35082
1.35082
1.35082
1.35082
1.35081
1.35081
1.35081
1.3508
1.3508
1.3508
1.35079
1.35079
1.35079
1.35078
1.35078
1.35078
1.35077
1.35077
1.35077
1.35076
1.35076
1.35076
1.35076
1.35075
1.35075
1.35075
1.35074
1.35074
1.35074
1.35073
1.35073
1.35073
1.35072
1.35072
1.35072
1.35071
1.35071
1.35071
1.35071
1.3507
1.3507
1.3507
1.35069
1.35069
1.35069
1.35068
1.35068
1.35068
1.35067
1.35067
1.35067
1.35066
1.35066
1.35066
1.35066
1.35065
1.35065
1.35065
1.35064
1.35064
1.35064
1.35063
1.35063
1.35063
1.35062
1.35062
1.35062
1.35062
1.35061
1.35061
1.35061
1.3506
1.3506
1.3506
1.35059
1.35059
1.35059
1.35058
1.35058
1.35058
1.35057
1.35057
1.35057
1.35057
1.35056
1.35056
1.35056
1.35055
1.35055
1.35055
1.35054
1.35054
1.35054
1.35053
1.35053
1.35053
1.35053
1.35052
1.35052
1.35052
1.35051
1.35051
1.35051
1.3505
1.3505
1.3505
1.35049
1.35049
1.35049
1.35049
1.35048
1.35048
1.35048
1.35047
1.35047
1.35047
1.35046
1.35046
1.35046
1.35046
1.35045
1.35045
1.35045
1.35044
1.35044
1.35044
1.35043
1.35043
1.35043
1.35042
1.35042
1.35042
1.35042
1.35041
1.35041
1.35041
1.3504
1.3504
1.3504
1.35039
1.35039
1.35039
1.35039
1.35038
1.35038
