0.945796
0.75194
1.24047
1.18365
1.77079
1.25715
1.30029
1.45386
1.52526
1.37445
1.67085
1.83378
1.9204
1.72406
1.67875
1.61199
1.98808
2.01991
1.81402
1.99458
1.82294
1.89437
1.81195
1.48372
1.46333
1.65559
1.90129
1.72682
1.50888
1.82389
1.90825
1.54554
1.58711
2.18398
2.17358
2.15024
2.29838
2.13763
2.27466
2.23529
2.24698
2.23193
2.062
2.25107
2.22673
2.15673
2.03089
1.89008
1.95102
2.19186
2.27884
2.30122
2.22134
2.0726
2.2575
2.23653
2.21274
2.26381
2.31556
2.08031
1.86262
1.86022
1.83759
2.07271
2.14515
2.12938
2.05071
2.11567
2.12819
2.10562
2.19192
2.12836
2.13311
2.12468
2.09159
2.14937
2.1912
2.11628
2.11352
2.05542
2.15435
2.1541
2.16578
2.20907
2.11753
1.10495
1.46211
1.06189
1.60342
1.53583
1.09089
1.01851
1.28314
1.20264
1.37901
0.925706
1.21019
1.12678
1.00364
1.28603
1.1923
1.28238
1.12357
0.730002
0.837984
1.24312
0.726675
0.663184
0.984451
1.58772
1.43085
1.39214
1.14584
1.25576
0.99829
0.670671
1.43905
1.98039
1.84804
2.05358
1.99189
1.77557
1.49856
1.18861
1.41889
1.45627
1.62789
1.37749
1.00046
1.09078
1.56681
1.30048
1.35407
1.56887
1.57582
1.63525
1.74121
1.50198
1.44374
1.08866
1.1934
1.50756
1.37383
1.71306
1.54901
1.44496
1.44331
1.56411
1.43147
1.61182
1.30137
1.54213
0.911734
1.54874
1.18852
1.41138
1.25756
1.32972
1.49403
1.10282
1.20409
1.25117
1.09744
1.45439
1.34634
1.24223
1.5836
1.32301
1.31178
1.5653
1.37487
2.54689
1.46229
1.81452
1.31602
1.00307
1.21272
1.66584
1.27945
1.48008
1.13029
1.10814
1.00526
1.23771
1.12504
1.55064
1.23364
0.92735
0.876684
0.90282
1.11752
1.13874
0.866828
0.953
1.08302
1.51658
1.16539
0.963403
0.95824
0.974403
0.716475
1.74927
1.77319
1.20029
1.56076
1.30027
1.39264
1.32938
1.29637
1.23909
1.36425
1.24829
1.52188
1.54245
1.49472
1.60523
1.49098
1.46253
1.70145
2.03233
1.71883
1.42787
1.05504
1.12763
0.9806
0.898593
1.4652
1.29291
1.25439
1.32601
1.67863
1.15368
1.00451
1.38606
2.10346
1.77915
1.7861
1.48245
1.15182
1.36065
1.51302
1.4133
1.41354
1.02212
1.18841
1.28019
1.15843
1.17243
1.19357
1.09842
1.20361
1.44976
0.91799
1.25548
1.26527
1.16922
1.7314
2.38346
1.42717
1.3238
0.856025
1.10049
1.08991
1.41125
1.65927
1.39807
0.874072
1.16431
0.985769
1.00865
0.915719
0.876251
0.818582
0.822927
0.798736
1.35293
0.952051
0.752274
0.810819
0.856145
1.07125
1.51194
1.074
0.835777
0.926263
1.00619
1.57776
1.66028
1.13422
0.921534
1.19785
1.21972
1.33868
1.32288
1.24804
1.14749
1.35714
1.34407
1.32267
1.80229
1.69524
1.39121
1.49638
1.55464
1.27426
1.06956
1.47734
1.34258
1.67168
1.08048
1.21726
1.31902
1.44294
1.34359
1.24636
1.18381
1.3626
1.31396
1.10742
1.38505
1.44414
1.61814
1.60639
1.49924
2.04879
1.33793
0.978297
1.28192
1.4064
1.30339
1.07516
1.36732
1.25485
1.35128
1.02233
1.15041
1.05294
1.37339
1.17298
1.46611
1.08027
1.16752
1.48424
2.59941
1.85309
1.13875
1.07985
1.49669
0.967062
1.28952
1.44196
1.31968
1.14074
1.26021
0.914949
1.35623
1.07334
1.25522
0.911951
0.959058
0.778574
1.20242
0.9156
0.958542
1.05639
0.841338
0.718081
0.864971
1.01533
0.742531
1.04821
1.82958
1.72612
1.27323
1.25214
1.00266
0.949299
1.56406
1.51073
1.29948
1.53006
1.79166
1.82157
1.89812
1.64303
1.27651
1.48658
1.64757
2.24284
1.89225
1.73686
1.2912
1.13588
1.3458
1.45981
1.10558
1.31467
1.46206
1.55762
1.61111
1.65544
1.5913
1.04585
1.62878
1.46361
1.37616
1.33154
1.26615
1.37935
1.59245
1.48152
1.34046
1.43652
0.921226
1.37807
1.38001
1.35928
1.20497
1.35122
1.15429
1.29303
1.25124
0.952574
1.28509
1.54699
1.50391
1.14922
1.36473
1.1796
2.57344
1.90121
0.855408
1.15978
0.865078
1.35858
1.26606
1.1111
1.24762
1.65107
1.0709
0.963336
1.6094
0.994459
1.57331
1.20912
1.08951
1.1948
1.06728
0.894903
1.29508
1.03112
0.65616
0.805398
0.791067
0.728182
1.23713
1.89856
1.93967
1.95495
1.65776
1.40431
1.22038
1.06614
1.49424
1.55296
1.04964
1.39487
1.25725
1.25827
1.22875
1.53495
1.68249
1.65016
1.44624
0.980748
1.16636
1.29923
1.39887
1.29954
1.13857
1.44122
1.28055
1.29564
1.06133
1.26073
1.24792
1.24428
1.42123
1.5835
1.19999
1.32171
1.55298
1.23991
1.07243
1.03045
1.5627
1.298
2.08067
1.74102
1.62119
1.85045
1.2001
1.2269
1.45706
1.32152
1.1033
1.24007
1.03719
0.911786
1.1196
1.45967
1.03124
1.1217
1.41687
1.68691
2.38457
1.76473
0.803994
1.02125
0.974649
0.957511
1.32361
1.19498
0.974744
1.34518
0.938752
1.28399
1.03523
0.892893
1.1219
0.879682
1.07932
1.02901
1.19955
0.932061
0.974384
0.889616
0.718784
0.858097
0.882476
1.47541
1.95711
1.465
1.39666
1.21575
1.37368
1.61716
1.30523
1.39784
1.2564
1.41704
1.70194
1.25148
1.23943
1.20511
1.11508
1.37252
1.60834
1.57658
1.33183
1.12195
1.24001
1.46832
1.00821
1.36114
1.42355
1.25164
1.55862
1.43505
1.39435
1.32883
1.16764
1.68282
1.59919
1.1394
1.39418
1.25888
0.973349
1.29948
1.40529
1.32007
1.4388
1.11179
1.24398
1.67192
2.02792
1.68842
1.43768
1.74661
0.964695
1.17119
0.998741
1.11282
1.35936
1.41985
1.33162
1.11605
1.03028
1.22812
1.66667
1.17575
2.58122
1.89621
1.25368
1.30982
0.854424
0.888529
1.0983
1.02572
1.11791
0.994358
1.08156
0.912527
0.902079
1.05472
1.22256
1.2113
1.484
1.07626
1.04962
0.957236
0.981864
1.09736
0.704467
0.649096
1.4176
2.01842
1.58203
1.6742
1.039
1.14698
1.21493
1.71749
1.25425
0.857234
1.27139
1.06677
1.15807
1.28545
1.0388
1.31321
1.31421
1.73345
0.638787
1.23943
1.84951
2.22327
2.10505
2.24352
1.9574
2.30898
1.74552
1.44332
1.07929
1.21375
0.905486
1.28445
1.46538
1.40319
1.34106
1.09223
1.38875
1.05249
1.2443
1.37424
1.16739
1.51375
1.20928
1.25011
1.38025
1.13324
1.19229
1.574
2.24874
1.79677
1.50916
1.66934
1.17742
1.23667
1.11555
1.15188
1.02822
1.10648
1.03821
1.27815
1.73603
1.45994
2.65243
1.49093
1.11849
0.7538
1.15458
1.34974
1.1482
1.22627
1.14488
1.20742
0.869297
1.12906
0.883885
1.1888
0.950504
1.04365
1.15084
1.00806
1.27288
1.03533
0.893738
1.2655
0.560723
1.69301
1.82325
1.36356
1.04645
1.47351
1.55498
1.57637
1.68675
1.53199
1.17321
1.0116
1.60308
1.71428
1.6369
1.46789
0.829474
1.32112
1.28704
0.896721
1.56254
1.4276
1.13833
1.17005
1.51727
1.34324
1.39759
1.08728
1.08466
1.54101
1.52007
0.749505
1.39777
1.23658
1.34346
1.32365
1.23606
1.12266
1.42233
1.58647
1.49032
1.35886
1.34717
1.35256
1.47185
1.4418
1.14383
0.94614
1.30282
0.800837
1.2559
1.63691
2.49642
1.80479
1.86344
1.251
1.5627
1.815
1.45808
1.91471
1.47913
1.57359
1.07447
1.58767
2.82135
1.5547
1.19724
1.20019
1.12594
1.2145
1.16862
1.33794
1.04508
1.23615
0.932807
1.23607
1.0575
0.87721
0.900477
1.06194
0.911897
0.817424
0.845389
1.06769
0.97973
0.618708
1.53365
1.76584
1.0305
1.47525
1.38598
1.27313
1.28361
1.45094
1.42699
1.55204
1.44376
1.79158
1.53738
1.50237
1.24061
1.28131
1.18495
0.881679
1.4795
1.26194
0.871671
1.52201
1.79484
1.76223
2.26881
2.06276
1.42024
1.46109
1.67974
1.19821
1.08523
1.44246
0.897082
1.39007
1.13174
1.32983
1.37096
1.19171
1.41893
1.45242
1.46119
1.41127
1.29495
1.12613
1.38714
1.37366
1.3478
1.33447
1.27789
1.15443
1.28618
1.203
1.16152
1.62523
1.56122
1.2146
1.60621
2.13701
1.58395
1.65915
1.5674
1.55712
1.42608
1.08513
2.61256
1.599
1.25872
1.24001
1.17716
0.992396
0.766282
1.31443
1.0177
1.29532
1.72352
1.332
0.924369
1.1955
1.1981
0.997943
1.04117
0.866606
1.02116
1.00477
0.846506
1.63917
1.5311
1.33942
1.28226
1.32871
1.45038
1.22757
1.51433
1.79375
1.86945
1.81923
1.90162
1.67992
1.48348
1.49818
1.1627
1.5932
0.965001
1.25111
1.3141
1.02078
1.90864
2.04322
1.84798
1.733
2.14703
1.92205
1.85836
1.70189
1.12239
1.19442
1.23301
1.08595
1.35986
0.955455
1.20093
1.36597
1.52653
1.60208
1.44171
1.45655
1.49156
1.44382
1.40469
1.23101
1.18821
1.29333
1.78068
1.62322
1.58619
1.47752
1.24406
1.10037
0.793078
1.34239
0.931563
0.971804
1.19324
1.26477
1.17675
1.42675
1.71031
1.6706
1.33339
1.17897
2.39829
1.68599
1.16899
1.14453
1.13458
0.792504
0.617074
0.812639
0.754508
0.862092
1.055
0.949168
1.27084
1.12297
1.11276
1.13043
1.07947
1.04432
1.00718
1.00082
1.76798
1.84408
1.2934
1.54112
1.37278
1.30913
1.6252
1.10836
1.41411
1.40748
1.2766
1.29446
1.13437
1.19663
1.74232
1.1007
1.39266
0.810939
1.29558
1.08626
1.87806
2.16694
1.69025
1.26377
1.64434
1.6112
1.743
2.03861
1.90009
1.9577
1.67466
1.26821
0.93275
0.826117
1.16631
1.4644
0.801273
1.5158
1.38275
1.11949
1.30164
1.19068
1.10549
1.15925
1.52163
1.41128
0.848311
1.30584
1.21191
0.830934
1.12812
1.19999
1.24837
1.21544
1.11721
1.31394
1.07725
1.14694
0.966455
1.25346
1.34156
1.55769
1.07503
1.28877
1.73218
1.46029
2.2095
1.39364
1.30957
0.96969
0.762693
0.776429
0.773174
0.908754
0.908857
0.771745
1.13041
0.977718
1.13601
1.33861
0.954865
1.07927
0.758162
1.00451
1.04444
1.64613
1.59187
1.35864
1.25876
1.63775
1.13226
1.16424
1.42702
1.19045
1.5068
1.25104
1.3414
1.34097
1.41383
1.47018
1.18251
1.35273
1.72918
1.36898
1.25268
1.50904
2.07254
1.71122
1.55639
1.77907
1.73909
1.35864
1.0899
1.04808
1.27943
1.80602
2.00465
1.84215
1.8226
1.52814
1.20121
1.08788
1.34911
1.19085
1.23789
1.24564
1.16717
1.52849
1.59659
1.50735
1.33074
1.36167
1.51257
1.34244
0.954301
1.01104
1.71104
1.16207
1.63724
0.992768
1.23177
1.20974
1.05023
1.17849
1.01913
1.75585
1.02304
1.3695
1.06798
1.37777
1.32666
1.58896
2.26537
1.02444
1.21099
0.914073
0.820828
0.962125
1.16942
1.11484
1.26957
0.913677
1.08477
1.01851
1.18505
1.05334
0.880618
1.11215
0.950287
1.16669
1.87628
1.54304
1.39344
1.43245
1.14508
1.41845
1.38035
1.41506
1.34786
1.18077
1.23604
1.00202
1.28519
1.37775
1.59024
1.15658
1.37841
1.32944
0.586973
1.88693
0.999377
1.21423
1.53119
1.54176
1.67274
1.87405
1.33076
1.26254
1.08075
1.1598
1.26519
1.38709
1.86555
1.89542
1.59608
1.80575
1.72136
1.18955
1.6366
1.47253
1.24519
1.39721
1.30839
1.03336
1.134
1.20757
1.44077
1.3657
0.92334
1.33234
1.24136
1.23995
1.30271
0.983047
1.13008
1.08248
0.963021
1.10458
1.08758
1.13511
1.30739
1.39374
1.28275
1.33729
1.36693
1.24457
1.14436
1.47228
2.29269
1.17799
1.11445
0.912131
1.25381
1.0243
1.39435
0.861313
0.952771
0.87982
1.25403
1.24109
1.39543
1.23083
1.07708
0.84735
1.3202
1.97483
1.46792
1.39986
1.50324
1.45774
1.22313
1.34066
1.25909
1.19667
1.21499
1.22582
1.19638
1.29987
1.45094
1.13916
1.26239
1.2057
1.37031
1.17159
1.32014
1.31763
1.73487
0.958945
2.37457
1.85386
2.08202
1.81297
1.14814
1.1499
0.786311
0.998997
1.13299
1.03291
1.34881
1.61348
1.4913
1.53367
1.38519
1.88737
1.38744
1.97035
1.08026
1.18186
1.07868
1.27691
1.36194
1.22375
1.34948
0.971213
1.2067
1.34831
1.05413
1.11237
1.19524
1.06752
1.04414
1.15475
1.11067
0.984265
1.11071
1.00715
1.05141
1.26582
1.22137
1.03788
1.34111
1.10403
1.05238
1.42651
2.66022
1.39185
1.19851
0.747107
0.904322
0.763457
1.14178
1.03993
0.936009
0.834858
1.16844
1.12491
1.08037
1.18799
0.89077
1.39215
1.8766
1.24323
1.47469
1.06412
1.43605
1.09073
1.28029
1.18008
1.19509
1.24709
1.44587
1.15782
1.30111
1.26069
1.21597
1.20141
1.63467
1.39856
1.36874
1.07093
1.81965
1.16629
1.46137
0.855226
2.22052
2.24376
2.12931
1.52581
1.01729
0.857304
0.731513
0.970917
1.03881
0.950083
0.891416
1.58787
1.50582
1.78979
1.25101
1.76524
1.68044
1.37957
1.46728
1.60739
1.02745
1.29994
1.25665
1.16685
1.38992
1.17625
1.26686
1.30358
0.983539
1.54857
1.24358
1.41082
1.54609
1.11605
1.43688
1.18768
1.44615
1.5022
1.46376
1.08143
1.16533
1.20835
1.32375
1.54361
1.33174
1.44793
2.7089
1.30513
0.959053
0.967494
0.881289
0.736817
1.26117
1.05339
1.13414
1.41958
1.10635
0.997374
0.868231
0.785373
1.46592
1.82936
1.30206
1.22956
1.2323
1.22403
1.81418
1.39946
1.36563
1.20097
1.17074
1.1246
1.64766
1.00708
1.31989
1.55724
1.61842
1.36895
1.30372
1.33216
1.46242
0.971487
1.62894
1.67549
1.15807
1.15267
2.33195
2.27956
1.71708
1.55857
1.10806
1.09109
0.890661
0.63197
0.969321
0.981729
1.24953
1.4962
1.40847
1.88967
1.60563
1.48382
1.77962
1.41408
2.02901
1.08857
1.33256
1.59272
1.32701
1.39474
1.35498
1.4188
1.40246
1.28977
1.14753
1.25331
1.08245
0.991974
1.12647
1.05212
1.22001
1.27037
1.0383
0.84191
1.40918
1.24545
1.16701
1.3123
1.35133
1.2839
1.20309
1.51048
2.72033
1.33325
1.03588
0.733993
0.739819
1.05767
1.18093
1.00706
1.34127
1.0976
0.866583
0.702119
0.789651
1.6235
1.69657
1.05204
1.32721
0.919288
1.41507
0.900951
1.59915
1.57967
1.46096
1.37187
1.09976
1.31687
1.30776
1.60046
0.948232
0.923235
0.960806
0.997659
1.01714
1.11192
1.02689
1.58765
1.15084
1.17787
0.999781
1.73837
2.43954
2.32183
1.49549
1.55717
1.00434
1.03334
1.30103
0.950968
0.70461
0.940102
1.00108
1.23507
1.2368
1.53396
1.3165
1.54941
1.69714
1.8822
1.58745
1.45509
1.49507
1.52136
1.58986
1.63821
1.08685
1.25567
1.35224
1.31566
1.51411
1.28264
1.22389
1.08051
1.18951
1.14187
1.40643
1.10535
1.44315
1.49047
1.40679
1.56181
1.16261
0.882071
1.13216
1.13895
1.36572
1.42847
2.72525
1.69944
0.760216
0.854626
0.685433
1.08509
0.840539
0.911041
0.834252
1.13044
1.04465
0.670649
1.64934
1.71085
1.12839
1.39098
1.16982
1.21559
1.45901
1.65566
1.66575
1.16803
1.17152
1.43965
1.32188
1.58668
1.44035
1.27368
0.912805
1.07486
1.02774
1.03987
0.931861
1.15927
0.951025
1.75872
0.681029
1.54179
0.994059
1.39505
2.1397
1.88103
1.71912
1.83381
1.93617
1.68833
1.53857
1.12923
0.887379
0.778493
0.966588
1.29016
0.959999
1.31833
1.35663
1.54079
1.61007
2.10016
1.40343
1.98959
1.23713
1.23413
1.26954
1.42524
1.58205
1.16614
1.40379
1.15052
1.03177
1.11944
0.695867
0.975349
0.941978
1.46535
0.880499
0.812869
1.48613
1.55414
1.40274
1.48235
1.41085
1.36748
1.55801
1.49023
1.4178
1.38645
2.64082
1.38583
1.34819
0.834086
1.04024
0.862653
1.15145
0.908912
0.945631
0.772411
0.92986
1.60846
1.62406
1.31086
1.3233
1.4808
1.2253
0.919293
1.37676
1.41148
1.64966
1.29569
1.32192
1.26392
1.39438
1.57147
1.54885
1.00914
1.37486
1.05279
0.975026
1.73761
1.04921
1.26279
1.22226
1.43822
1.31011
1.94314
0.856063
1.33236
1.81933
1.36569
1.20822
1.04669
1.03501
1.11306
1.03924
0.824752
0.71888
0.949348
1.28081
1.4822
1.31636
1.40943
0.922263
1.51186
1.84523
2.21398
2.04585
2.24103
1.20387
1.38873
1.53081
1.28724
1.25577
1.35885
1.33693
1.20736
0.829516
1.28288
1.23289
1.20292
1.09394
1.42988
1.19052
0.894311
1.07707
1.56988
1.10325
1.23916
1.12426
1.20323
1.58651
1.59998
1.30136
1.15898
2.58875
0.829226
1.22139
0.961374
1.06421
1.37316
1.04918
0.801517
0.914314
1.01305
1.64594
1.56405
1.06102
1.49168
1.30728
1.21861
1.39524
1.20667
1.1842
1.08655
1.09765
1.16506
1.09027
1.15923
1.31589
1.41187
1.19859
1.17869
1.19821
1.76132
1.12875
1.14112
1.27218
1.20353
1.53535
1.20999
2.23522
1.73138
1.63551
1.94505
1.92622
1.6954
1.54977
1.00574
1.18054
0.820158
1.18513
0.99725
0.584593
0.867072
1.04442
1.43909
1.37858
1.66165
0.989903
1.36891
1.92447
2.01505
2.30219
1.91032
1.33452
1.15767
1.22098
1.2143
1.10749
1.16347
1.12334
1.19839
1.08291
0.815268
1.18523
1.38364
1.64964
1.28035
1.44911
1.14207
1.08824
1.12358
1.25511
1.1771
1.32964
1.26025
1.0543
0.97786
1.09115
1.03106
2.58473
0.989886
1.04223
0.980477
1.06282
1.13373
1.01681
0.896909
1.00131
1.65262
1.30047
1.05319
1.27781
1.29454
1.29335
1.09235
1.26027
1.31042
1.44197
1.31477
1.29033
1.18931
1.38598
0.969584
1.21923
0.895819
1.22263
1.0993
0.984119
1.31726
1.49723
1.05608
1.36723
1.80458
1.46183
1.49832
2.01864
1.86631
1.88875
1.63596
1.52137
1.32583
0.988408
1.27733
1.16924
1.30738
1.51402
0.953071
0.880235
1.12141
0.851775
1.2058
1.75271
1.48943
1.33984
1.25757
2.01028
1.94318
2.05826
1.83134
1.82291
0.926285
1.03752
0.935201
1.19781
1.08151
1.27448
1.09585
1.35008
1.22445
1.27881
0.971176
1.34878
0.85358
0.919709
1.15398
1.68266
1.60517
1.9475
1.21546
1.51188
1.59273
1.65146
1.23675
0.874826
1.45857
2.50947
1.49852
0.680655
0.898369
0.999776
0.997051
0.814663
1.0733
1.74656
1.58963
1.12069
1.04806
0.908017
1.39886
0.827296
1.13881
1.21304
1.22386
1.23694
1.19828
1.00112
1.16153
1.18382
1.04786
1.19363
1.48463
1.47505
1.12407
1.32265
1.12163
1.19062
1.7579
1.05104
1.84495
1.13604
2.14938
2.00312
1.98449
1.47124
1.2289
1.6559
1.67578
1.61595
1.0623
0.811064
0.588717
1.33846
1.4049
0.894245
0.950793
0.975823
1.29378
1.27163
1.14635
1.51853
1.57739
1.73519
1.88259
2.08989
1.85759
2.22404
1.20659
0.969965
0.974553
1.18417
0.933842
1.21851
1.24318
1.0726
1.43989
1.50438
1.43791
1.53725
1.48681
1.22312
1.28238
1.25806
1.20832
1.10741
1.09916
0.952529
1.08957
0.798361
1.13774
1.10793
1.67569
2.62032
1.52339
0.950846
0.859865
1.12635
1.32671
1.10015
1.78418
1.33245
1.78726
1.13353
1.22357
1.16817
1.50848
1.33401
1.44004
0.885973
1.24338
1.56745
1.15204
0.876524
0.860201
1.34191
1.55788
1.3455
1.39389
0.92647
1.65681
1.45691
1.18086
1.2133
1.20695
0.843733
1.72448
1.1724
2.04642
1.77918
1.13272
1.12493
1.1104
0.874703
0.991821
1.4786
1.46401
1.2237
0.882494
1.13309
1.60825
1.30125
0.884212
1.37183
1.06826
1.21424
1.26541
1.76972
1.94583
1.46622
1.85968
2.09774
1.45341
2.44864
1.26013
1.06973
0.964369
1.39333
1.23953
1.51738
1.36268
1.599
0.974073
1.18452
1.31101
1.49158
1.49169
1.31034
0.98535
1.22089
1.05291
1.1789
1.31865
1.19161
1.13206
1.23619
1.34458
1.04862
1.43921
2.6397
1.36138
1.01811
0.961763
0.873826
1.08223
1.79532
1.43616
1.0941
1.34778
1.20489
1.29156
1.34399
1.20804
1.26649
1.48467
1.18583
0.96031
1.21093
2.00955
1.96325
1.8662
1.36843
1.08448
2.01188
1.70407
1.48914
1.83315
0.981609
1.32044
1.40811
1.35071
1.46521
1.74215
1.54246
1.95785
1.14301
1.4553
1.46866
1.32256
0.939346
1.08615
1.20688
1.23807
1.36559
1.01232
1.05928
1.2825
1.29759
0.746187
1.2088
0.796874
1.0655
1.12975
1.31166
1.82072
1.66077
1.62216
2.32221
2.84954
2.14292
1.03302
1.22956
1.38103
0.885899
1.49122
1.08152
1.28251
1.61538
1.0463
1.01326
0.806549
1.17608
1.20416
1.22777
1.11416
1.11322
1.07384
1.58253
1.0651
1.20273
0.939953
1.01589
1.18451
1.09358
1.13266
2.62767
1.50256
1.47404
0.777307
1.04655
1.70474
1.25388
1.32606
1.15508
1.37975
1.19161
1.34887
1.3219
1.12395
1.15528
1.32426
1.61448
1.31416
1.47506
1.5659
1.56926
2.30968
2.28859
2.21422
1.72919
1.68592
1.69414
1.18585
0.95664
0.812737
1.18013
1.36593
1.41808
1.33386
1.66286
1.99545
0.855443
1.63037
1.6332
1.66946
1.57449
1.50073
0.894201
1.39363
1.55067
1.25519
1.61818
0.974637
1.06662
1.02364
1.12923
0.838342
1.35167
1.37482
1.05824
1.93425
1.43894
1.51503
2.36443
2.93606
2.19506
1.18608
1.12486
1.08138
0.969177
1.11408
1.10312
1.12813
0.999021
1.25641
1.06193
1.34341
1.48197
1.18543
1.07842
1.34748
1.33481
1.08055
1.41485
1.01701
1.02128
1.39889
1.02637
1.04224
1.1911
0.992423
2.50967
1.46945
0.847909
1.12041
1.78935
1.3189
1.21145
1.28262
1.71995
1.34857
1.44163
1.23237
1.348
1.14613
1.49411
1.33892
1.19147
2.28161
1.81396
1.89778
2.07943
1.98491
2.09909
1.81604
1.05419
0.891263
0.684999
0.984287
1.20447
1.38929
1.35927
1.67672
1.133
1.07659
2.54087
2.02809
1.60788
1.74801
1.49402
1.3441
1.33942
1.32145
1.43307
1.25399
1.30074
1.02926
1.66256
1.47313
0.680602
0.95097
0.911954
0.817971
0.793196
1.3035
1.08741
1.26436
1.37523
2.09981
2.16593
2.53189
2.33866
1.50302
1.26355
1.39054
1.32637
1.33024
0.81806
1.37556
1.05998
1.17593
1.07482
1.35951
1.1497
1.33813
1.18494
1.2739
1.05474
1.16667
1.15012
1.06974
1.31842
1.25799
0.991301
1.093
1.15001
1.28199
2.47742
1.41994
1.17316
1.73302
1.38007
1.3436
1.04177
1.35288
1.34565
1.2251
1.24151
1.12515
1.14063
1.14363
1.04315
2.12496
2.02995
1.97786
2.00612
1.70079
1.6473
1.89668
1.6601
1.11768
0.824323
0.935456
1.26329
1.75523
1.45925
1.32671
1.25049
1.63841
1.24762
1.06715
2.20275
1.32231
1.1901
1.80563
1.11259
1.20477
1.65257
0.864686
1.01191
0.819018
0.805892
0.983978
1.70166
1.6521
1.06079
1.31837
1.2206
1.80183
1.4858
1.02191
1.66223
1.22338
1.51467
2.08824
2.31457
1.81123
2.48278
1.56817
1.35334
1.31936
1.63552
1.59984
1.25377
1.31715
1.47493
1.39542
1.25253
1.14604
1.03637
1.28307
0.777616
1.34097
1.09531
1.16728
0.965535
1.2828
0.944049
1.08199
0.98358
0.917507
1.32888
1.17311
2.50312
1.1769
1.85964
1.17637
1.42094
1.48151
1.34208
1.56078
1.04832
1.11871
1.11215
1.20212
1.23187
0.896304
2.25784
2.73327
2.37399
2.35044
1.87391
1.81151
1.62882
1.06782
0.718108
1.16172
1.40675
1.36146
1.17608
1.70379
1.31515
1.93095
1.21121
1.05203
1.3426
1.96324
1.85533
1.38228
1.28446
1.71792
1.27856
1.07314
1.01405
1.28204
0.99867
0.842627
0.983981
1.23266
1.66146
1.87574
1.23875
1.4128
0.783311
1.07005
0.671155
0.665622
1.3703
1.31451
2.00467
2.16079
2.64939
1.85692
2.30423
1.19542
1.27118
1.5726
0.933108
1.22978
0.989384
1.37324
1.28988
1.23606
1.39331
1.31974
1.22945
1.39363
1.45243
1.00623
0.969033
1.01205
0.939079
0.998898
1.03102
1.20568
1.10364
1.20462
1.20482
1.16426
2.56336
1.56785
1.37523
1.1523
1.2475
1.34404
1.39786
1.19473
1.05008
1.14228
1.22596
1.17814
1.7554
2.25001
1.78895
1.64589
1.6267
1.94734
1.61328
1.15395
1.12044
0.868042
1.04957
0.819884
0.881512
1.30341
1.11512
1.5921
1.4011
1.72719
2.1673
1.07581
1.12208
2.37249
1.92566
1.54663
1.53956
1.88783
1.51605
1.27006
1.30215
1.0723
0.845076
0.6473
0.963628
1.21138
1.53331
1.54109
1.87361
1.57592
1.696
1.24729
0.870477
0.76293
1.10779
1.65234
1.7562
2.02033
2.9024
1.84846
2.28042
1.88031
1.1442
1.57072
0.947203
1.10619
1.14976
1.01084
1.10275
1.07627
1.05555
0.924697
0.959552
1.10575
1.16844
0.947903
0.926249
0.937493
1.26834
1.20386
1.14464
1.04489
0.869604
1.0395
1.07648
1.20835
2.6521
1.77909
1.17744
1.26562
1.11211
1.48437
1.04962
1.3622
1.18494
1.16336
1.21301
0.957313
1.55867
1.62939
1.2155
1.29211
1.20896
1.0582
1.02223
0.876855
0.64038
1.14135
1.17013
1.33374
1.3023
1.19908
0.834254
1.37169
1.7087
1.26307
2.6486
1.08464
1.03739
2.19875
1.96939
1.51368
1.0435
1.14011
1.1783
1.61639
1.61565
1.8434
2.2256
2.21592
1.84561
1.33394
1.20434
1.57795
1.57928
1.93986
1.48849
1.51912
0.867388
1.13044
0.913732
0.99823
2.25566
2.04322
1.91738
1.94117
2.64339
1.99935
1.21205
1.1663
1.27281
1.30029
1.34802
1.39711
1.2002
1.06652
1.0004
0.827201
1.19772
0.849064
1.05719
1.04988
0.931214
1.06731
1.28984
1.09229
1.22443
0.979948
1.47284
0.960088
1.18132
1.06068
2.59325
2.22776
1.22858
1.22227
1.13887
1.68573
1.1008
1.14975
1.25508
1.4014
1.06793
1.35234
1.33217
1.50268
1.86396
2.1291
1.92484
1.72145
1.39753
0.948767
0.992477
1.38604
1.12358
1.78862
1.66282
1.94549
1.89854
1.52762
1.53529
1.42196
0.987399
1.60892
2.17331
1.86083
1.98194
0.934732
1.25751
1.03795
1.09344
1.28341
1.71409
2.03786
1.87441
1.66629
1.24175
1.68066
1.62806
1.47175
1.58219
1.35841
1.47904
1.03107
1.03246
0.85065
0.88846
0.967343
1.65189
2.05821
1.60573
1.60893
2.94298
2.04762
1.09163
1.0503
1.02085
1.37862
1.58224
1.30901
1.15586
0.899192
1.24586
1.11887
1.55373
0.929945
0.88094
1.01814
1.16005
0.85773
0.973253
0.868735
1.10798
1.16431
1.14763
0.838195
1.16238
1.26128
2.54759
2.1289
1.04783
1.26735
1.07432
1.11089
1.26702
1.11981
1.22903
1.51846
1.99966
1.54617
1.80114
1.91294
2.041
1.18466
1.35672
1.70056
2.11775
2.06059
1.51145
0.870756
1.19514
1.82569
2.21489
2.53701
2.24528
2.05027
1.51377
1.66054
1.1668
1.35491
2.3711
1.85844
1.47571
1.10658
1.47875
1.26558
1.25984
1.0488
0.963226
0.729169
0.843133
1.84511
1.30358
1.7037
2.01556
1.99662
1.56421
1.48915
0.959093
1.20867
1.24677
1.54762
1.08947
1.55103
1.19241
1.54446
2.12953
1.83418
2.66482
1.3786
1.35452
1.1985
1.34181
1.25672
1.28594
0.914334
1.15757
1.02832
1.3035
0.787235
1.09214
1.04413
1.16451
1.23069
1.14442
1.1655
1.10897
1.11062
1.04718
0.915556
1.1066
1.21575
1.27123
1.13744
2.58403
2.10854
1.36853
1.55432
1.3777
1.19135
1.20556
1.16086
1.11307
1.95301
1.96871
1.76656
1.67005
1.21121
1.26595
1.62205
1.55357
1.56522
1.8042
0.992068
1.51655
1.96833
2.28927
2.37889
2.37151
2.28676
2.12318
1.64633
1.03424
1.39916
1.5139
2.25795
2.07059
1.60754
1.56241
0.915377
1.24268
1.17248
1.45519
0.747266
1.07808
0.606406
1.40254
1.31756
2.26164
1.89585
1.63427
2.05363
2.16342
1.89775
1.28239
1.21587
1.44043
1.45953
1.40803
2.16544
1.59966
1.65971
2.40539
2.03546
2.35086
0.707028
1.05993
1.1631
1.2111
1.3847
1.12585
1.0279
1.03724
0.9077
0.888637
0.718578
1.01174
1.03569
1.20063
0.917467
1.11097
1.01374
1.23885
1.15589
0.974064
1.2334
1.03676
1.2202
0.870159
1.33579
2.65238
2.20775
1.05179
1.15306
1.19541
1.30358
1.10366
1.05769
1.63005
2.29334
1.89649
1.89451
1.50997
1.056
1.26146
1.06563
0.9891
1.9134
1.55518
1.74175
1.03664
1.05784
1.0309
0.73233
0.854624
0.91883
0.556854
0.81815
1.17041
1.16922
1.67312
2.69672
1.97455
1.24068
1.49891
1.37022
1.16565
1.08295
0.96115
0.871837
0.87835
1.07026
1.7103
1.15056
0.848409
0.775219
1.22435
1.87185
2.44964
1.73468
1.32476
1.43574
0.958161
1.21448
1.36824
1.26734
2.31855
1.53598
1.77579
2.45657
2.07171
0.806103
0.884178
0.886772
0.870895
1.14955
0.766604
0.894303
1.04409
1.23644
1.14306
0.881123
1.30237
1.21942
1.07473
1.25488
0.911622
1.31898
0.91442
1.35313
1.1714
1.37568
1.02373
1.0471
0.993566
1.51615
2.60436
2.21028
1.16859
1.29793
1.31195
1.26691
1.23508
1.04697
1.64137
2.32391
1.87231
2.10165
1.55489
1.17825
1.12948
0.696686
1.64373
2.01226
1.19882
0.793963
1.17768
0.982485
0.895315
1.30313
1.70348
1.09203
0.676384
0.628682
1.21008
1.22041
1.67587
3.04424
2.08289
1.07186
1.87666
1.23568
1.32905
0.917347
0.727449
0.848791
0.958732
0.857252
1.44334
0.932625
0.836118
0.997413
1.41663
1.64297
2.20138
1.55922
1.09375
1.22286
1.24306
1.1963
1.45672
1.26753
2.44301
1.92601
1.8221
2.3137
1.77688
0.981426
0.967629
0.900782
0.986808
1.01277
0.9381
1.36128
0.982617
1.10899
1.10989
1.01662
1.21943
1.25719
0.783155
1.14895
0.833336
1.0907
0.98624
0.979976
1.09429
1.02775
1.06661
1.0214
1.17991
1.30839
2.46943
2.25451
1.13678
1.18567
1.03669
0.90345
0.958859
0.877111
1.4273
2.15211
2.47885
2.08952
1.92357
0.899587
0.923915
0.851733
1.72838
0.796537
0.738865
0.783939
0.841126
2.08525
2.45151
2.46047
2.11663
2.04672
1.72339
1.40393
0.945343
1.09171
0.934263
2.74852
2.11358
1.64534
1.39373
1.25651
1.33173
0.856574
0.896996
0.735612
1.01183
0.823133
0.954419
0.945163
1.06834
1.20909
1.84664
1.40874
2.01915
1.89441
1.11122
1.54751
1.11565
1.08133
1.40408
1.5278
2.35464
2.34713
1.95814
1.99153
1.55002
1.49344
1.25213
1.08155
1.03917
1.42902
0.967705
1.18936
0.914617
1.08594
1.09999
1.09305
1.05974
0.972205
1.17307
1.13751
1.39956
1.30778
1.5072
1.3318
1.23138
1.15128
1.03802
1.01717
0.958259
1.34035
2.64069
2.18712
1.38084
1.21537
1.17868
0.931365
1.19069
1.13492
1.1329
2.15333
2.64811
1.98162
2.23736
1.05396
0.729686
1.24208
1.42744
0.899218
0.785918
0.876456
1.91871
2.65699
2.83471
2.83769
2.89329
2.78827
2.58754
2.3998
2.27414
0.533079
0.889889
2.9046
2.27989
2.2363
1.61915
1.11628
1.22755
1.07265
1.62092
2.10894
1.47793
1.00347
0.996236
0.727451
0.950583
1.48689
1.02535
0.719168
1.66307
2.12813
1.44537
1.31074
1.76777
1.66597
1.44896
1.1997
1.57532
1.4432
2.56408
1.69145
0.943431
1.09472
0.820323
1.09233
1.12651
1.48902
0.852563
1.06438
1.41525
1.48304
1.34167
0.996422
1.01417
1.09192
1.18028
0.96648
0.874368
0.85908
1.00947
0.708544
0.940997
1.01279
1.14841
0.850928
1.0069
1.19936
2.62365
2.212
0.858401
0.869384
1.16994
1.08377
1.22143
1.26744
1.04001
1.91816
1.7909
2.12389
2.01454
1.57831
0.922058
1.03242
0.802775
0.868634
2.08685
2.02817
1.85254
1.93789
2.1106
2.33096
2.3474
2.33843
2.25788
2.42661
2.39557
1.78705
0.970478
1.99154
2.18172
2.3759
1.73493
1.83958
0.981691
1.85393
1.44096
1.28691
1.57757
1.86092
1.28737
1.20097
1.14377
0.999325
1.0414
0.878314
0.923835
1.60103
1.99091
1.14217
1.437
1.76908
1.62098
1.1591
1.83522
1.64549
2.12131
1.21053
0.912017
1.30653
1.20675
1.41066
1.04391
1.00386
1.06357
1.04634
1.17839
0.925783
0.86549
0.78884
0.917987
0.82432
0.995448
0.771986
1.04557
1.3948
1.51491
1.55456
1.67101
1.26762
1.16806
1.04593
1.09385
1.17807
2.82087
2.14948
1.28146
1.25778
1.21165
1.03454
1.33262
1.16199
1.22594
1.79948
1.06069
2.20214
1.87503
1.14039
1.41506
1.14155
0.864244
1.78606
1.62918
1.69898
1.62981
1.43721
2.0822
2.00234
2.08284
1.77342
1.76137
2.33145
2.19749
2.17004
1.34419
1.39885
1.43061
1.43975
1.56179
1.8611
0.949167
1.37947
1.96005
1.27435
1.14516
2.51616
2.44625
1.60241
1.03726
1.48466
2.32226
1.42765
0.913306
1.33341
2.3002
1.34392
1.62846
1.66784
1.7974
0.944886
1.98957
2.13648
2.05583
1.07026
1.05474
1.13715
1.10947
0.883634
0.935254
1.17538
1.12516
1.10869
1.07405
1.24953
1.42943
1.30156
1.38094
1.13339
1.13389
1.32243
1.09506
1.08099
1.26322
0.765069
1.27724
0.732149
0.894076
0.861716
0.909828
0.964603
2.65014
2.31844
1.08238
0.888595
1.11513
0.699161
1.42832
1.00385
1.13303
1.4405
1.31054
1.21073
1.16705
1.05342
1.09785
2.04741
2.38018
2.0651
1.52054
1.4684
1.89352
1.40358
1.61496
1.63532
1.57043
1.85472
2.3488
2.16009
2.05054
2.04253
1.29101
1.04361
1.78467
1.57053
1.31673
1.88528
0.973088
1.39256
0.81292
1.49784
1.32597
1.10695
1.38857
1.86887
1.53606
1.32448
1.90464
1.06661
1.89214
1.26732
1.87441
1.9951
1.28504
1.01641
1.8288
0.958343
1.63817
2.62369
1.27151
0.791761
1.12345
1.18229
0.940294
1.45116
1.62109
1.33268
1.01939
1.13835
0.959439
1.201
0.943619
0.995904
1.00496
0.815228
1.05901
1.5071
0.941464
0.923049
1.22582
0.842848
0.923161
1.03412
1.0994
1.20053
1.59842
1.14639
2.62159
2.28532
1.00146
1.03844
1.24865
1.24049
1.29053
1.05662
1.08351
1.06239
1.0048
1.36316
1.83377
1.98953
1.68494
1.65958
1.98108
1.75646
1.0989
1.33733
1.13379
0.991389
1.51151
1.01841
0.961889
1.11705
0.795556
0.965698
1.55488
1.37549
1.61523
1.01779
1.28501
1.42484
1.38033
1.30812
1.57465
1.22484
1.02303
1.34881
2.10818
1.26535
1.50841
1.40614
1.4651
1.7089
0.914339
1.01131
2.84583
1.47393
2.0172
2.22849
1.42062
0.779809
1.52786
1.42257
2.22205
2.29314
1.23713
1.2968
1.10559
1.16488
0.971707
1.14571
0.607608
1.27829
0.719501
0.897869
0.954613
1.05276
1.03898
1.03575
0.955528
0.881294
0.96078
0.862222
0.870475
0.842871
1.02341
1.11029
1.0794
1.229
1.25877
1.41085
1.05609
1.27581
2.58559
2.24188
1.12946
1.18754
1.29588
0.730425
1.0451
1.03097
1.53358
1.24657
0.877292
1.88717
1.73496
1.74832
1.56945
1.82475
0.875427
1.3711
1.3754
1.21702
1.40357
1.05577
0.900162
1.06507
0.793029
0.853429
0.774058
0.905725
1.26124
1.32646
1.57741
1.02319
0.942055
1.29573
1.46648
1.12885
1.6553
1.06645
0.720824
1.55689
1.6555
1.22171
0.944341
1.04832
0.96707
1.89189
1.39973
1.24012
2.17843
1.48653
1.49671
2.01121
2.19186
1.05501
1.26989
1.79339
1.74407
2.06377
1.2901
1.0053
1.43382
1.33768
1.24176
1.20326
1.24636
1.16781
1.17566
1.27927
1.13937
1.12836
1.22521
1.07111
1.0135
0.709386
0.836136
0.992557
0.933696
0.892516
1.08978
0.978851
1.11132
0.844596
0.747734
0.804164
0.81749
1.47237
2.67596
2.18114
1.10561
0.714778
1.37082
0.610878
1.02325
1.00692
0.90178
1.84363
1.6211
1.30865
0.910713
1.20399
1.30739
0.960209
0.717696
0.973839
0.810949
1.28502
1.33
0.739817
0.713467
0.917961
0.988603
0.95598
0.686227
0.732126
0.741728
1.52077
1.38675
1.31973
1.06957
1.12931
1.72813
1.30206
1.16686
1.6042
0.728599
1.2598
0.926299
0.849076
0.747239
0.996441
1.35321
1.247
2.14356
2.40111
2.11947
1.4999
1.28133
2.35551
2.88913
1.52247
0.944172
2.07567
2.65859
1.51669
1.022
1.4685
1.57392
1.40171
1.06658
1.13426
1.29403
1.14071
1.27007
0.887053
1.18288
0.927108
1.18894
0.949583
0.950261
0.824674
0.912068
0.940473
0.881611
0.855114
0.828566
0.945853
0.928651
1.01318
0.807801
1.03879
0.806088
1.51497
2.67621
2.14171
1.25064
1.01268
1.07426
1.44104
0.958272
2.10459
2.21396
1.94153
1.55369
1.25073
0.908545
0.793156
0.841163
1.0755
0.897606
1.21664
1.15735
1.26979
0.862349
0.611616
0.945465
0.890662
0.901114
0.966392
0.579791
0.831943
1.00922
1.01215
1.13307
0.978134
1.15435
1.10957
1.5092
1.21522
1.45716
2.06452
1.03716
1.25044
1.2593
1.23325
1.06721
1.08997
1.22402
0.906116
2.11585
2.13682
1.85516
1.47978
1.22905
2.25929
2.66119
1.95477
0.9588
1.12847
1.98419
1.35019
1.14906
1.2497
0.690407
0.727774
0.782346
1.03911
0.730531
0.816792
0.835969
0.854531
0.864041
0.886599
0.77827
0.752046
0.949927
0.913173
1.08785
0.981851
1.04935
0.456192
1.05729
1.17505
1.02312
1.26344
1.21387
1.36865
1.25942
1.2536
2.6373
2.10962
0.562129
1.24534
1.0877
0.593832
1.98025
1.92514
1.9299
2.01468
1.41566
1.11731
0.891677
0.71326
0.776529
0.913562
1.45572
1.12548
1.13105
1.04357
0.852286
0.814174
0.831794
0.681363
0.767203
0.637814
0.791004
0.795569
0.627912
0.550041
1.04895
0.697878
0.873018
1.00636
1.0707
1.37896
1.78333
2.17724
1.80122
1.05601
1.58172
1.4636
0.944418
1.39824
1.04327
1.24849
1.36816
2.01486
1.57963
1.17658
1.62349
2.11291
2.32696
1.79342
1.25805
1.38853
1.72964
1.51949
0.992541
1.00758
0.98889
0.940449
1.1041
1.09702
1.11959
1.17
1.4192
0.973819
1.28071
1.09364
0.886647
1.05533
1.02195
0.920638
1.12242
0.978437
1.24378
1.16499
1.14322
1.24538
1.08644
0.996121
0.852658
0.706774
0.960198
1.26765
2.55103
1.46452
1.19594
0.98799
2.11389
2.11653
1.68049
1.38426
1.40554
1.20777
0.741715
0.922928
0.775267
0.724749
1.25149
0.726754
1.49185
1.49542
1.54481
0.808434
1.02529
0.882225
1.08799
0.771371
0.653005
0.590638
0.743911
0.647631
0.958719
0.511058
0.780003
0.570216
1.15211
0.610059
0.859064
1.58031
1.56866
1.09667
1.91534
1.3283
1.87439
1.68705
1.16632
1.67808
1.56844
1.27218
1.32583
1.38363
1.61426
0.860682
1.85779
1.95589
2.42699
1.19983
1.69986
2.47725
1.29278
1.39235
1.20975
1.04371
1.08989
1.0618
0.931771
0.895844
0.896783
0.830173
0.905706
0.822928
1.2198
0.980123
0.861915
0.801491
0.75708
1.14082
0.918814
1.17998
0.743397
0.805254
0.813148
0.939769
0.900303
1.06412
1.16962
1.2541
1.18615
0.971977
2.61217
1.12026
0.892006
1.79353
2.16908
1.58847
1.82007
1.18061
0.707217
1.03462
0.934683
1.01975
0.859466
0.900357
1.09244
1.2553
0.927229
1.9736
1.42529
1.32491
1.51338
1.25431
0.569099
1.02254
0.72156
0.785419
0.619449
0.629073
0.704147
0.877948
0.968589
0.870485
0.669554
0.817632
1.17744
1.31535
1.95604
1.36797
2.23164
1.87528
1.86296
2.14716
1.19039
1.69534
1.78763
1.64739
1.93974
1.53281
1.50534
0.916593
1.78502
2.05763
2.06418
1.24192
1.63955
2.08274
1.03342
0.892063
0.901302
0.967651
0.737429
0.934037
0.88075
0.915914
0.931127
0.859076
0.927973
0.716843
0.772334
0.734609
0.838726
1.05383
1.17163
1.41888
1.06112
1.33309
1.05188
1.16355
1.26788
1.03851
1.17151
0.988116
1.1849
0.912378
1.09377
0.935655
2.36274
1.82681
1.64777
1.76286
1.18758
0.783455
1.39706
1.3406
0.898943
1.10663
0.937681
0.993844
0.951819
0.757072
0.876601
0.93507
1.07479
1.4602
1.69555
1.40188
1.43005
0.831377
0.595564
0.689477
1.02115
0.892502
0.971527
1.24624
1.50846
1.24311
1.48862
1.14586
0.834151
1.07374
1.06695
0.951486
1.5675
1.37281
0.861371
2.07659
1.59373
1.95559
0.809092
1.1987
1.76861
1.50728
1.84476
1.00621
1.38911
1.05431
2.17288
2.07535
1.78608
1.7384
1.71983
1.75292
0.792291
0.804027
1.04597
1.08441
1.1494
0.83748
0.883402
0.774519
0.829592
0.963662
1.25892
1.31317
1.36004
1.29822
1.5182
1.12984
1.28721
0.950027
0.974759
1.02443
0.844715
0.966867
0.846581
0.965391
1.21183
1.09809
1.0262
0.995522
1.10535
0.929526
2.394
2.21155
1.50799
1.43523
0.822016
0.675844
0.993652
1.27741
0.992565
0.933185
1.25874
1.6079
1.58329
1.71943
1.84185
1.56457
1.17893
0.881227
1.06284
1.19887
1.16093
0.814613
1.01092
0.893025
0.910516
0.95236
0.696451
0.780732
0.895632
0.908061
0.576776
0.55641
0.902478
0.734689
1.37224
1.29121
1.31081
1.35421
1.08397
1.79535
1.78788
1.67346
1.38666
1.05606
0.999091
1.28588
1.36176
1.19509
1.33284
1.41745
2.48144
2.08671
1.47524
1.63422
2.57623
1.5389
0.966211
0.781611
0.889082
1.18075
0.88062
1.48237
1.62476
1.40168
1.49554
1.70244
1.16357
1.21954
1.12695
0.932928
0.922319
0.867037
1.13478
0.961781
0.935005
1.21498
1.02165
1.08134
1.09163
0.998204
1.19704
0.998888
1.04427
1.21793
0.982591
1.26474
2.38534
2.22528
1.59107
1.10052
0.7676
0.594342
0.70149
0.912063
1.47521
2.09733
1.82084
1.40092
1.33828
1.08129
1.27857
1.13397
1.07531
1.47069
1.00361
1.1346
1.70806
1.19039
1.22641
0.780893
1.03073
1.34949
1.52278
1.3091
1.26747
1.12477
0.599637
0.593414
0.977521
1.17955
1.41936
1.39674
0.95519
1.3874
0.97232
1.18523
2.06233
1.30149
1.1111
1.22101
1.11344
1.47709
1.14656
1.83341
1.82581
2.16983
2.2698
1.67334
1.40095
1.59141
2.38288
1.29638
1.05913
1.32777
0.923972
0.945051
0.628562
0.85841
0.996375
0.864883
1.15729
1.09236
1.09947
0.870635
1.0635
1.26413
1.20546
1.09951
1.49121
1.55687
1.68606
1.6276
1.51413
1.80865
1.47255
1.68763
1.40983
1.21947
1.09127
1.19846
0.939867
1.23002
2.65045
2.2201
1.13049
0.888187
0.849879
0.740765
0.769212
2.02192
1.71028
1.45811
1.44539
1.07627
0.750106
0.625654
0.762515
0.905476
0.863329
1.01919
1.32348
1.06048
1.88907
1.3469
0.972088
0.905288
1.18118
1.01697
1.1848
1.07175
1.23676
1.34853
1.32932
0.934072
1.06196
0.661351
0.696936
0.857121
1.19746
0.673114
0.842638
1.01426
1.30692
2.05252
2.17137
2.02055
1.80265
1.89375
1.61064
2.20862
1.92833
2.02172
1.68382
0.895133
1.88007
1.81936
1.96479
0.628074
0.845493
0.573392
0.864519
1.3827
1.11096
1.40375
1.15565
1.03354
1.54212
1.29815
1.18852
1.05508
1.88797
1.59414
1.64832
1.32553
1.19146
0.947547
1.00136
0.865324
0.895631
0.829016
0.784696
0.876499
0.971757
0.971434
0.93795
0.860197
1.2139
1.15682
2.57406
2.28851
0.757658
0.849176
1.15249
1.85331
1.97273
1.82638
1.48387
1.00614
0.869411
0.857879
0.842776
0.783429
1.06552
0.9727
1.79904
1.42161
1.41909
1.43889
1.1797
1.32312
0.853524
1.21441
1.24613
1.16336
1.06357
1.24249
1.37629
1.21332
0.748682
0.651637
0.753622
0.69082
0.725997
0.781743
1.22981
1.49999
1.53503
1.14927
1.01407
1.33752
1.92326
2.24809
1.64721
1.26839
1.72704
1.76783
1.1625
1.09295
1.35079
1.39787
1.21346
2.39418
1.32263
1.12163
1.25304
1.24695
0.968402
1.35876
1.09337
1.12162
1.08086
1.61335
0.925578
1.42326
1.14731
1.09166
0.747775
1.11386
1.1166
0.803925
0.815341
0.84579
0.832937
0.918649
0.861413
1.00675
0.96877
1.08972
1.11225
1.60789
1.11854
1.08606
1.05788
1.4574
2.7312
2.27516
1.25771
1.14441
1.77049
1.79825
1.65186
1.20808
0.960773
1.17633
1.3536
0.889632
0.788777
1.28356
0.675045
1.2667
1.10426
0.84365
0.985103
1.28715
1.19153
1.25286
0.906432
0.866957
1.30021
0.638887
1.11281
1.02039
0.679781
0.826676
1.29069
1.31512
1.15512
1.13988
0.762888
0.731788
0.856722
1.30569
1.46944
1.77016
0.91335
1.29396
1.43234
1.93274
1.52759
1.44216
1.92767
1.96438
1.798
1.84135
1.41129
1.47516
1.48182
1.90368
0.85948
1.06159
0.933219
1.07367
0.915792
1.10104
1.40351
1.32133
1.40062
1.05995
1.04057
1.62533
2.0786
1.03683
1.08986
1.02018
0.906662
0.992147
1.03869
1.12072
1.18616
0.856445
0.983198
1.13366
1.00012
1.43971
0.673928
0.897218
0.799077
0.945369
0.897415
1.31359
2.76841
2.34532
1.45991
1.64686
2.03941
1.39897
1.44983
0.995018
1.45665
1.49428
1.06519
1.33303
1.14723
1.25733
1.02009
1.25233
0.973575
0.794651
0.86234
0.757643
0.939832
0.849519
0.914838
1.30975
0.662105
0.919314
1.01074
1.14601
1.01079
1.05824
1.26311
1.12054
1.41532
0.948466
0.890091
1.18338
1.20686
1.05408
1.40243
1.3793
1.70753
1.54859
1.17979
1.22367
1.47562
2.4478
2.37799
2.31548
1.23015
1.51684
1.40288
1.03647
2.0247
1.0237
0.926213
0.788563
1.08145
0.7772
1.37158
0.917299
1.29249
1.02221
1.49602
1.20876
1.17408
0.922693
1.4471
2.05895
1.1919
1.25966
0.831631
0.73696
1.00803
1.01298
1.00773
1.03811
0.979043
1.09721
0.730527
0.838778
1.05167
0.631428
0.712372
0.689996
0.861714
1.16917
2.66126
2.27083
1.77294
1.75464
1.85316
0.863932
0.983606
0.821689
0.772513
0.91012
1.23439
1.22688
0.910035
0.853889
1.10653
0.689994
1.03083
1.41296
1.35272
0.896503
1.34706
0.709966
0.874541
0.913728
0.708487
1.39179
0.644263
0.722307
0.83228
0.987025
0.735914
1.08025
1.6755
1.18182
1.36604
1.15501
0.702692
0.818431
0.935269
1.01812
1.48709
1.45186
1.89462
1.43402
1.18112
1.1491
2.41354
2.29563
1.76372
1.09577
0.810715
1.5577
1.37335
0.857683
1.05515
0.825362
1.07945
1.18999
1.98541
1.73653
1.57801
1.07378
1.52632
1.38822
1.98499
1.79216
0.967878
0.993694
1.38335
2.09248
1.07737
1.3488
1.41314
0.933396
0.828691
0.687349
0.837521
1.04894
0.923964
0.957522
1.07901
1.09688
0.915886
0.96475
0.908637
1.35219
2.80524
2.25688
1.77128
1.65311
1.97167
1.10219
0.75942
0.870684
1.08269
1.69027
1.21394
1.26034
1.21391
0.726694
0.970884
0.686906
0.754152
0.879437
1.14623
1.30628
1.07398
1.09142
0.832318
0.722009
1.27717
1.3179
0.827413
0.964971
0.882757
0.944574
0.903621
1.1935
1.88022
1.18468
1.56777
0.979052
0.9288
0.801061
0.91555
0.858217
1.08385
1.22154
1.39161
1.59583
0.850482
1.32066
1.1973
0.794479
1.19212
1.22797
1.7159
1.56488
1.28611
1.46716
1.63603
1.21623
1.27037
1.27672
2.2554
1.0715
1.38442
0.880824
1.56962
1.24961
1.81299
1.65182
0.805614
0.893738
1.86999
2.29972
0.730928
0.837561
0.910724
0.94356
1.08154
1.19436
1.09389
0.963603
0.756327
0.956087
1.08612
0.765437
0.862019
0.920211
1.11429
1.03024
2.64536
2.25572
1.53594
1.23077
1.2202
1.0569
0.968306
1.27697
1.57977
1.29633
0.971437
0.736256
0.92869
1.05809
0.974662
0.851352
0.663333
0.919618
0.740825
0.986631
0.910434
1.03774
1.22755
0.748968
0.949856
1.38515
1.39881
0.965885
0.650349
1.00887
1.10454
0.915079
1.84807
1.35757
1.86901
1.16924
1.05025
0.716192
0.887965
0.835806
0.869645
1.16318
1.26069
1.30482
1.64979
0.991871
1.57861
1.60351
1.85844
1.84172
1.27054
1.67311
1.28256
0.782705
1.09114
1.26631
1.3415
1.08307
2.62268
0.986479
1.31732
1.08207
1.04111
1.31645
1.47547
1.57002
1.46327
1.11063
1.28985
2.46188
1.16815
0.894185
0.939528
0.880603
0.789091
1.19488
1.29862
1.23549
1.18243
1.25019
0.891188
0.814089
0.893517
0.880909
0.887473
0.99518
2.69781
2.27155
1.17104
1.18972
1.33763
1.57579
1.38244
1.64271
1.05084
1.11395
1.09931
0.937576
0.690228
0.916352
0.926257
0.723594
0.749551
1.18846
1.09185
1.1307
1.0756
0.913912
1.01275
1.1688
0.647887
0.936812
1.1098
1.51937
0.672458
0.900624
0.853465
0.809889
1.73377
1.91533
1.99496
1.94981
1.00432
0.610384
0.78766
0.763521
0.872415
1.06864
1.13376
1.08178
1.81321
1.38734
1.50065
1.01262
1.00377
1.48634
1.08682
0.9571
0.889448
0.979797
0.87558
1.09832
0.879485
0.831335
2.41663
1.49954
1.06292
1.12829
1.43609
1.08024
1.00402
1.06609
1.82381
1.97577
1.85074
2.49176
1.17273
1.32872
1.50884
1.41101
1.25792
0.84965
0.740123
0.924319
0.615221
0.786283
0.806694
0.818713
0.985939
0.908663
0.733205
1.20487
2.78111
2.31964
0.653468
1.18604
1.57633
1.799
0.937463
0.836039
1.12804
1.10968
1.17797
1.43779
1.06415
1.10506
0.941646
0.811532
0.92354
1.14486
1.18097
0.832801
1.02171
1.02687
0.792078
0.783389
0.649231
0.665666
0.969221
1.27172
1.22772
1.34381
1.08208
0.845938
1.58687
1.53766
1.56734
1.75014
1.17602
0.838461
0.962899
0.804421
0.723948
1.02593
1.12013
1.29306
1.81773
1.38502
1.65904
1.67857
1.12969
1.15179
0.906499
0.782288
1.20545
1.19644
1.06944
1.23191
0.860688
0.984551
2.48371
1.61351
1.92036
0.730673
1.03857
0.99832
1.20187
1.51005
1.2133
1.64589
2.46284
2.4815
0.867991
0.953405
0.900301
1.03627
0.726807
0.752176
0.919833
1.01203
0.893688
1.00165
1.14375
1.31945
1.28694
1.16381
1.39725
1.45438
2.60918
2.31749
1.33465
1.29749
1.74537
1.40786
1.345
1.00488
1.20204
1.25682
1.48386
1.1649
0.989956
1.14202
1.25346
0.498993
0.613994
1.25303
1.4182
1.32547
1.21338
0.994119
1.10366
0.961129
0.796003
0.940831
1.23815
1.03418
0.865364
0.765937
0.943601
1.42401
0.88146
1.847
0.965547
1.38974
1.77521
1.32424
0.942518
0.98283
0.644139
0.753459
1.03729
1.14097
1.15719
1.4265
1.61573
1.82894
1.28822
1.16409
1.08973
1.06046
1.1084
1.01096
1.07736
1.21435
0.856293
1.00408
2.06123
1.47779
2.09459
1.41877
1.23345
0.939956
1.60743
1.21044
1.61928
2.02631
1.39012
2.01261
1.04453
1.5418
0.935785
1.1626
0.981471
1.37825
1.63573
1.23659
1.52107
1.36977
1.00622
1.05597
0.881613
0.598772
0.75962
1.08536
2.55867
2.37161
1.40541
1.40652
1.51797
1.14891
1.07965
1.06505
0.688944
1.74991
0.947535
0.71174
0.690687
1.20449
0.925805
0.777012
1.06294
0.995544
0.971785
1.00873
1.09192
0.846671
1.04133
0.948003
0.875357
0.797619
0.630809
1.20132
1.57565
1.56419
1.33292
1.09382
0.998755
1.80834
1.17492
1.3208
1.68789
1.14852
1.14781
1.60478
0.716272
1.10076
0.954937
0.853797
1.17648
1.61323
1.31819
1.41389
1.99895
1.01073
1.48917
1.05763
0.655046
0.723792
0.762375
1.26364
1.32792
1.2972
1.74499
0.99564
1.96488
1.26815
1.21525
1.2801
1.22968
0.750033
1.62322
1.76395
1.43458
2.12279
1.0791
1.07861
0.737354
1.03713
1.03355
0.918146
0.866815
0.868233
0.915253
0.757078
0.938788
0.76844
0.768757
0.888129
0.949093
1.49336
2.56769
2.33448
1.48699
1.43002
1.00989
1.06089
1.09356
1.37978
1.48548
1.54983
0.853836
1.32114
1.40949
1.53301
1.23211
1.18947
0.661101
0.689401
0.989413
1.15977
0.971945
0.972013
1.13037
0.941814
0.706138
1.30942
0.631694
0.835562
1.13725
1.31584
1.00507
1.36801
1.42164
1.68109
0.891831
0.837386
0.946383
1.14709
0.928663
1.59843
0.738214
0.943202
0.611328
0.957094
0.897643
1.7519
1.00064
1.20961
1.42124
1.80558
1.26211
1.13224
0.802463
0.839872
1.06138
0.981626
0.859345
0.881252
1.59643
1.27784
1.57063
1.26763
1.12475
1.54707
1.46774
1.23579
1.22578
1.14815
1.52025
1.99406
0.851404
1.02678
0.864377
1.00746
0.85859
1.04038
0.978214
1.19871
1.11774
1.14894
0.730845
0.732631
0.730594
1.04306
1.16501
1.10711
2.59068
2.30201
1.35353
1.4936
1.21425
1.2391
1.3483
1.19942
1.35519
1.08285
1.13168
1.33718
0.826315
0.88308
0.936121
1.15291
1.0918
1.21607
0.931644
0.82842
1.07066
1.14903
0.993219
1.29023
0.863159
1.07649
0.882857
0.964954
1.08216
0.948094
1.02235
0.85194
1.1118
1.5863
1.23351
1.12654
1.11197
1.31912
1.47782
1.43896
1.03507
0.797536
0.853848
0.719037
0.921478
1.39596
0.946424
1.35899
1.72926
2.29724
1.02061
1.44669
1.20585
1.41644
0.929771
0.996653
0.973657
0.758078
1.03425
1.23391
1.22045
0.70966
0.928279
1.32787
1.98916
1.36453
1.12317
1.38055
1.5845
1.44245
0.789182
1.25257
1.0296
1.01902
1.36861
0.840918
1.01469
1.08502
1.04195
1.38221
1.15758
0.830743
0.843295
1.05129
0.801949
1.29612
2.55786
2.28822
1.57538
1.03492
1.47859
1.47653
1.27083
1.53664
1.62984
1.28878
1.29558
1.12454
1.13991
0.795906
0.810756
1.02371
0.937973
1.24414
0.825104
0.608237
0.731257
1.27574
0.939697
1.35726
1.02806
0.564825
0.939468
1.03824
0.892836
0.552966
0.543303
1.01746
1.39329
1.47879
1.29395
1.2433
1.54573
2.03361
1.73682
1.89594
1.07598
0.905565
0.92266
0.830987
1.52958
0.921404
0.876039
1.2085
0.931116
1.65529
1.96679
1.21112
1.16515
1.03721
1.30901
1.09003
0.957121
1.4802
1.31591
1.44033
0.880712
0.982293
0.958661
1.31905
1.71414
1.0341
1.0131
1.50473
1.52004
1.02119
1.01253
0.82446
0.870302
1.09805
1.34023
0.782018
0.848561
0.934319
0.752028
0.813284
0.874407
0.92153
0.80551
0.958051
0.708237
1.09413
2.44667
2.27691
1.26614
1.44128
1.36556
1.08312
1.00028
1.51637
1.21403
1.21538
1.12337
0.972536
0.869876
1.29348
1.39878
0.872235
0.762526
0.694513
0.758644
0.807914
0.953385
1.03211
1.14463
1.26557
1.49329
1.28255
0.853775
1.03985
0.601547
0.625079
0.93259
1.64913
1.39391
1.42931
1.10765
1.39026
1.26035
1.32199
2.29617
1.57446
1.26171
0.94423
0.665235
1.21816
1.85726
0.667661
0.728293
0.851262
0.879614
1.59178
2.06743
1.13558
1.63094
0.968914
0.838394
1.40082
1.41309
1.35569
1.08692
1.19113
1.25209
0.964805
1.72123
2.2835
1.33529
1.10275
1.70519
1.56388
1.52081
0.823834
1.08077
0.894287
1.07669
1.01499
0.674911
0.69645
0.900312
0.877539
0.737143
1.20113
1.04863
1.10437
1.34135
1.36853
1.00583
1.38015
2.75158
2.31607
1.61607
1.25771
1.25891
1.38187
1.46289
1.50008
1.36476
1.11877
1.33177
0.865819
0.767398
0.929647
0.899247
0.736356
0.851411
0.889447
1.08392
0.97525
1.38458
0.956348
1.10183
1.72388
1.98045
1.01597
0.873085
1.18755
0.957079
0.62216
0.940751
1.6
1.22917
1.05961
0.870799
1.13206
0.688469
1.6591
2.04935
2.03827
1.35977
0.93037
0.738452
1.4224
1.0839
0.996401
0.996279
0.79734
1.19587
1.58417
2.26136
2.33472
2.01615
0.909254
0.873788
0.814009
1.00496
0.972274
0.9634
0.720153
1.43741
1.02981
2.23256
1.88784
1.09281
0.973434
1.9086
2.51194
1.92586
0.895615
0.865285
1.10919
0.954763
0.965737
1.11184
0.906662
1.16885
0.982003
1.16678
1.00626
0.734619
0.956022
0.903928
0.884274
0.953377
1.02215
2.69117
2.33456
1.28389
1.12749
1.24024
1.07856
1.18093
0.946509
0.908097
0.708062
0.770938
1.09316
1.59855
1.17234
1.32562
0.719847
0.800487
0.896984
0.994431
1.24273
0.69357
0.916055
1.47783
1.68832
2.10142
1.59544
0.831975
1.15952
0.930258
1.00418
0.938026
1.95989
1.29499
1.14918
1.25766
0.921954
1.56965
1.87425
1.60197
1.3836
1.37696
1.06115
0.941798
1.68309
0.691331
0.901036
1.00006
0.902607
0.932026
1.4413
2.05057
2.40451
1.58721
1.34367
1.20039
0.975488
1.21669
0.864087
0.991287
0.780689
1.8999
1.3616
1.60052
1.49195
0.96365
0.786984
2.4635
2.99774
2.25462
1.12422
1.42278
1.38893
0.882284
1.02408
0.834419
0.957412
0.684121
0.973646
1.11997
0.760156
0.812051
0.732927
0.988018
0.803253
1.06906
1.10668
2.68702
2.35944
0.973916
1.11587
1.13843
1.377
1.05347
0.882255
1.04679
1.46249
1.28539
1.38009
1.20617
1.11248
0.701959
0.937086
0.911353
1.07206
1.01349
1.13432
0.978836
0.852892
1.41109
1.72991
1.6749
1.8547
0.753609
0.747984
0.714942
1.29181
1.14759
1.51794
1.45478
0.928941
0.837447
0.962639
2.04823
1.83647
1.00544
0.738676
0.952224
1.30493
1.38925
0.814826
1.07451
0.873828
1.05068
1.38664
1.0751
1.35559
2.00788
2.27054
1.4443
1.83534
0.913842
0.82263
1.17639
1.15261
1.11956
1.27095
1.73577
1.71956
1.48894
1.48157
1.01113
0.612412
2.52653
3.2911
1.73478
1.22786
1.08071
1.22711
1.06806
1.16808
1.42763
0.699176
0.772291
0.965701
0.992949
0.861142
1.20729
0.958478
1.17439
1.08292
1.14182
1.13797
2.83386
2.34408
0.74401
1.3795
1.56147
1.39395
0.936532
0.606313
0.929238
0.968627
1.12176
0.79138
1.00721
1.15736
0.922634
0.852014
0.745257
0.92906
1.29679
0.882229
1.13683
1.22304
1.06267
1.34094
1.55125
1.83046
1.58376
1.11555
1.16063
1.41402
1.46075
1.5194
1.57724
0.990779
0.982982
1.22351
2.42215
1.54746
1.14666
1.08972
1.41126
1.59062
1.00129
0.968478
1.20065
0.796569
1.09833
1.48334
1.6611
1.38641
2.08918
2.13099
1.06001
1.8243
1.07084
1.19301
0.865016
0.885155
0.832229
1.39879
1.63093
1.80815
1.84192
1.25711
0.863124
0.995772
2.5198
2.85745
1.64809
0.996369
0.778302
0.966333
0.85647
0.802708
1.09111
0.887968
1.02986
0.994372
0.959622
0.854357
1.17332
0.872141
1.0191
1.24649
1.06353
1.0722
2.7366
2.36299
1.10365
1.37881
1.20057
0.732651
0.764803
1.06637
0.858999
0.913401
0.876474
0.727845
0.820858
0.781443
1.17488
1.0209
0.843807
1.1303
1.1555
0.819594
0.97111
1.20817
0.947897
1.63793
1.64789
1.59971
2.0338
0.896105
1.35751
1.47994
1.12898
1.24056
1.74697
0.768692
0.905803
1.61935
2.28008
0.853538
1.28679
0.786236
0.993623
1.39924
1.22253
0.887527
1.22532
1.03785
1.49126
1.23212
1.05831
1.29755
1.73509
1.98023
2.02455
1.36448
0.660582
0.933205
0.73069
0.95587
1.00032
1.74994
1.25434
1.61637
1.80279
1.33694
0.683326
1.16572
2.10278
2.92523
1.73628
0.887745
0.959026
0.902116
0.857974
0.913817
1.24914
1.10075
1.15459
1.10623
1.28101
1.63505
1.3777
1.14414
1.22821
1.00989
0.702596
1.37468
2.71787
2.3943
1.29935
0.862732
1.01116
0.923132
0.675543
1.10062
1.07181
0.904252
0.964891
0.988803
0.985042
0.731949
0.697984
1.24761
0.84959
0.726167
1.18293
0.843075
0.919509
1.01266
1.04241
1.84587
1.76909
1.34686
1.73624
1.21585
0.837541
1.34088
0.895939
1.34632
1.55961
0.732663
1.32224
2.0361
1.79953
0.898449
0.802395
0.849424
1.37039
0.944802
0.96671
1.11741
1.2456
1.65343
1.54138
1.10348
1.05369
1.38171
1.42154
1.75498
1.97823
1.04378
1.14842
1.03439
0.883867
0.786676
0.964409
1.63688
1.93333
1.32862
1.28363
0.844019
0.85947
1.60885
1.91918
2.53561
1.8516
0.972317
1.04362
0.938729
0.968068
1.18597
1.19967
0.708534
0.77633
0.9294
0.799925
0.735047
0.793197
1.17651
0.933187
0.820372
0.85389
1.21555
2.63688
2.39033
1.25006
0.870964
0.847812
0.806043
0.798825
1.20279
0.804259
0.76806
0.98779
1.21628
0.872879
0.759096
0.653559
1.23192
1.02613
0.740278
0.980575
0.636131
0.985478
0.775287
0.762119
1.30979
1.14088
1.23186
1.64647
1.54331
0.778778
1.19617
1.29087
0.925732
1.11172
0.98614
1.62328
2.28724
1.38469
0.895001
1.04199
1.63792
0.815812
1.11688
1.01775
1.28598
1.86479
1.4437
1.37818
0.676514
0.746129
1.06653
1.27452
1.6002
1.86908
1.99616
0.975102
1.15362
1.10695
0.977479
1.11798
1.06901
1.46145
1.50285
1.35762
1.0619
0.98326
1.45109
2.40476
2.54421
2.08234
1.41403
1.10958
1.23747
1.10949
1.21463
0.985661
0.973544
1.01243
1.06425
0.960794
0.925275
1.08249
0.82
1.39731
1.52221
1.25135
1.35346
2.75219
2.39334
1.08478
0.927338
0.693928
1.04902
0.960114
0.881111
1.28843
0.572312
0.755659
0.895002
1.13877
1.17612
0.95725
1.03442
0.827417
0.987168
0.885211
0.553275
0.682236
0.896878
0.776821
1.36949
1.44131
1.1193
1.21682
1.79784
1.19828
1.37332
1.17476
0.831828
1.00208
1.13072
2.0558
2.18477
1.13188
1.18249
1.39717
1.31048
0.854915
1.33766
1.04461
1.38875
1.42827
1.55069
1.13915
0.67123
0.721327
0.868689
1.27092
1.68283
1.7831
1.75063
0.90736
1.47323
0.988576
1.19981
1.09963
2.09366
1.72215
1.4466
1.22223
1.08541
1.51659
1.70208
2.53076
2.24571
2.34794
0.950924
0.756566
1.26778
0.867728
0.857549
0.925185
1.23605
1.00193
0.809952
1.06605
1.19947
1.29909
1.78901
1.39583
1.21549
1.31138
1.39822
2.6859
2.38213
0.879082
0.884771
1.02647
0.765623
1.02168
0.830233
1.21752
0.786083
0.875175
0.926022
0.676229
0.497191
0.954531
1.3613
1.0003
1.2968
1.13821
0.786747
0.546691
0.789607
0.947096
1.69545
2.01855
1.1839
1.03163
1.84545
1.15606
1.07472
0.761159
1.03659
0.735573
1.23337
2.25493
2.02765
1.01889
1.38719
1.46203
1.66645
1.21484
1.03255
1.44376
2.11969
1.8548
1.25471
1.41591
0.920955
0.900738
0.746302
1.20526
1.32483
1.77159
2.09407
1.90502
1.28429
0.897266
1.05586
1.95515
1.58042
1.22359
1.20146
1.20573
0.94189
1.28282
1.73931
2.01326
1.81266
1.95319
1.09313
1.0287
1.40144
1.744
1.54767
1.06454
0.992841
1.25919
1.32358
1.26943
1.19847
1.2837
0.876336
0.880347
1.46425
0.675169
1.29861
2.58064
2.34513
1.10831
0.69375
1.11953
0.8551
0.590481
0.742687
1.01948
1.25872
0.760887
1.06058
1.24465
1.03122
0.873843
0.970949
0.769169
0.845343
0.936815
0.913981
1.33652
1.38846
1.42341
1.6395
1.78289
1.53015
1.00104
2.08435
1.62957
1.26376
1.01768
0.691366
0.822581
1.58519
2.44186
1.64541
0.89406
1.33836
1.38321
1.40261
1.47085
1.3173
1.59369
2.19582
1.859
1.23521
1.63282
1.01078
0.858723
0.702778
0.990313
1.43491
1.82195
2.26888
2.08057
1.16923
1.10239
1.97932
1.57153
0.928656
1.45839
1.59095
1.72016
2.00116
1.00624
1.02976
2.13631
1.34217
2.11759
0.945799
0.947788
0.904919
0.990118
0.716634
1.00976
1.27413
0.686151
1.0592
0.997621
1.21624
0.974146
0.822019
0.883129
0.931675
0.845691
1.1479
2.51023
2.38148
0.919149
1.01467
0.90129
1.07363
0.626637
0.856075
0.673198
1.12637
0.869
0.745841
0.637101
1.07785
0.916372
0.882151
0.86276
0.713335
0.787394
0.714007
0.878584
0.836735
1.49097
1.84588
1.48683
1.45574
1.25895
1.49419
1.41264
0.752422
0.750307
0.959627
0.837891
2.20246
1.95969
1.20002
1.11011
0.910715
1.38803
1.03183
1.95245
1.40909
1.81502
2.3088
1.6184
1.69419
1.91854
0.918938
0.580197
0.727189
0.710285
1.65497
1.88278
2.05365
2.11179
1.37434
1.91301
1.81209
1.45619
0.853044
1.90206
1.62677
1.88996
1.79911
0.849829
0.922267
2.45392
1.68221
1.95011
1.01261
0.731327
0.967771
1.06285
0.822975
1.63013
1.26935
0.841279
0.987669
0.791415
0.712796
0.653638
0.951065
1.26815
1.45927
1.12916
1.13672
2.4844
2.3017
1.19968
1.32156
1.07265
1.09105
0.962515
1.24407
0.77806
0.892707
0.888541
0.802249
0.84775
1.22223
1.25847
0.92187
0.986708
1.12035
1.20531
1.50762
1.44167
1.12534
1.37418
1.74766
1.46975
1.38289
1.27228
1.72805
1.39601
0.819914
0.973033
0.941707
0.695754
2.27367
2.00837
0.981348
0.862822
0.670573
1.7396
1.02397
1.60314
1.25404
1.81663
2.19515
1.9901
1.55257
1.75171
0.867026
0.616548
0.942398
0.976816
1.50449
1.76369
1.62156
2.33817
1.69848
1.84942
1.25074
1.01201
1.20581
0.8409
0.797304
0.701575
0.710407
1.49289
1.52913
2.0896
1.59569
1.57234
0.941777
1.04485
1.1263
1.09386
1.20711
1.37391
1.11747
0.897768
0.980743
0.904738
0.906047
1.40167
1.13899
0.947901
0.950729
1.31284
1.13975
2.68755
2.32914
1.54741
1.21037
0.961528
0.868074
1.05323
1.76249
1.14354
1.02022
1.04709
1.12037
0.843893
1.00378
1.11641
1.07461
1.67104
1.38416
1.40419
1.14547
0.863998
1.32613
1.68571
1.50624
1.45326
1.2751
1.12073
1.66933
1.43826
1.24869
1.31215
0.964759
0.957276
1.74425
1.68886
1.5241
1.40159
1.22316
1.63388
0.958009
1.13684
0.86747
1.10153
2.02001
1.8555
1.72137
1.6552
1.17825
1.00779
0.654768
1.39834
0.973186
1.36471
1.79132
1.61786
1.8689
2.14918
1.63153
1.2322
1.19392
1.04716
0.903265
0.92126
1.1214
1.74167
1.5016
2.14259
1.79605
1.32634
1.00014
1.00475
1.16419
1.44849
0.95085
1.03603
0.943723
0.76852
1.16625
1.03683
0.969745
1.23559
1.10078
1.32884
1.17144
1.37671
1.24908
2.70276
2.33329
0.96614
0.867848
0.976793
1.44061
0.814868
1.35085
1.66103
1.76024
1.64375
1.58157
1.58029
1.44323
1.44107
1.64485
1.64113
1.26973
1.0965
1.03237
1.03602
1.76397
1.83427
1.49739
1.47251
1.39265
1.50656
1.72943
0.969671
0.706981
0.928588
1.02653
1.45678
1.44869
1.33069
1.76992
1.42364
1.06967
1.03572
1.07508
1.16694
1.09465
0.990894
2.1653
1.95005
1.50784
1.64122
1.24837
1.21761
0.935533
0.920448
0.710757
1.0944
1.19201
1.55936
1.92953
1.88131
0.790277
0.94442
1.00582
0.987879
0.890896
0.987665
1.4853
2.0146
1.97171
1.88601
1.74534
0.97897
0.956014
0.928309
1.06658
1.01466
1.23488
1.45384
1.23686
1.14512
1.31886
1.41706
1.32498
1.16128
1.42513
0.835686
1.61664
1.02155
1.20292
2.68903
2.34938
1.05171
1.53614
1.1979
1.39052
1.06183
0.647795
0.863564
1.78331
1.63842
1.42618
1.01869
1.19108
1.64331
1.56764
1.04579
0.810797
1.49209
1.46932
1.43343
1.50868
1.80151
1.32046
1.13896
1.05953
1.58152
1.53501
1.39308
1.50331
1.18565
1.18205
1.14872
1.21801
1.38209
0.911707
1.09585
1.14317
1.22974
0.761429
1.32012
0.821706
1.14829
1.23418
1.7295
1.61588
1.28152
1.08712
1.09149
0.821035
0.965271
0.852129
0.830468
1.0354
2.03406
1.93448
1.97566
0.730483
1.0088
0.798495
0.632855
0.794206
1.6421
1.29383
1.80109
2.28504
1.61263
2.00788
0.814225
0.901443
1.03323
1.0044
0.891028
1.13958
0.681735
1.08837
1.23086
1.23948
1.02331
0.986684
0.857033
0.799514
0.94739
1.43534
1.31829
1.22826
2.68443
2.28564
1.71841
1.29743
1.37115
1.17828
1.24658
1.5852
1.2501
1.40098
1.3664
1.45807
1.95172
1.66777
1.47327
1.58802
1.29582
1.20175
1.45118
1.43767
1.27138
1.23605
1.74994
1.60959
1.50598
1.61235
1.50783
1.65578
1.37496
1.25662
0.890427
1.42219
0.905996
1.09993
0.923244
1.18123
1.34297
0.78492
1.10073
0.918806
1.12841
0.861486
1.38851
1.00079
1.49919
1.53747
1.51966
1.22639
1.7015
1.03422
0.764294
0.969819
0.931545
1.26624
2.17588
1.96197
2.12149
0.984477
0.884555
0.692149
0.699296
1.13563
1.20052
1.58068
1.72075
2.38345
1.20332
1.79383
0.666733
0.726282
1.27352
1.11406
1.38294
1.08683
0.834391
1.11746
0.763011
0.966654
0.646565
0.832076
0.902247
1.24165
1.31235
1.09449
0.832295
1.2611
2.72257
2.30362
1.5625
1.49186
1.42635
1.34246
1.20715
2.05272
2.06544
1.25007
1.18379
1.6648
1.90241
1.2793
1.08754
1.32383
1.43712
1.69982
1.52042
1.41964
1.63135
1.46054
1.04058
1.28015
1.70875
1.74602
1.88156
1.32701
1.18918
1.02095
1.13603
0.55258
0.964061
1.19574
1.27678
0.93835
1.07866
0.848634
0.750102
0.757683
0.996402
0.878236
1.08302
1.26714
1.06098
1.6962
1.51434
1.24339
1.40814
1.44524
1.45801
1.39276
0.894338
0.993425
2.04717
1.56076
1.90774
0.811337
0.791904
0.723361
0.915452
1.60017
1.52741
1.34251
1.68316
2.20468
1.3321
1.70041
0.961946
0.84732
1.00403
0.862688
1.14856
0.975249
1.00981
1.0853
0.917139
0.898331
1.00044
1.17732
1.27165
1.07808
1.06051
0.981662
0.909297
1.1711
2.61935
2.34367
1.16403
1.37207
1.28119
1.41831
1.77695
1.62927
1.65187
1.53391
1.64691
1.21539
1.26434
1.73807
1.5429
1.63758
1.90123
1.69326
1.6581
1.72801
1.63614
1.59891
1.45641
1.27543
1.48492
1.35134
1.49098
1.48729
0.908334
0.843168
0.904006
1.06294
1.26762
1.24031
0.828806
0.885277
0.913928
0.851712
1.05504
1.16164
1.29083
0.813499
0.955739
1.54013
0.857882
1.92028
1.55104
1.38205
1.68692
1.49874
1.5601
0.961079
1.19424
1.21683
1.52135
1.06871
1.61762
0.878281
1.13183
0.495394
0.683333
1.41106
1.5872
1.58767
2.0508
2.07351
1.53959
1.23697
1.12876
1.18223
0.793305
0.908118
1.01401
1.30865
1.19702
1.00727
1.17228
1.08469
1.26948
1.32087
1.31634
1.14226
1.2832
1.25326
1.45099
1.56435
2.69812
2.00738
1.7285
1.60381
1.7889
1.78098
1.9341
1.70851
1.94717
1.93566
1.90638
1.82807
1.955
1.81987
1.72961
1.49203
1.82701
1.79951
1.81143
1.79743
1.73691
1.8275
1.66242
1.86004
1.68883
1.66798
1.64095
1.51542
1.31998
0.923526
1.09624
1.33589
1.18807
1.14789
1.41569
1.26251
1.49273
1.68878
1.66067
1.72196
1.65918
1.66605
1.62264
1.06004
1.20004
1.72711
1.77392
1.85545
2.02925
1.70616
1.69759
1.92723
1.85287
1.73292
1.53907
1.60995
1.3933
1.51687
1.66075
1.32995
1.30602
1.62939
1.54822
1.57835
1.81594
1.15409
1.63276
1.34238
1.3386
1.49183
1.50528
1.42764
1.55487
1.36082
1.4612
1.1782
1.43707
0.989439
1.00961
1.48268
1.52012
1.47807
1.01726
0.92606
1.06106
1.05862
2.53692
1.12097
2.7574
2.74572
2.79417
2.75585
2.7785
2.81355
2.80479
2.78417
2.81454
2.81467
2.82758
2.79756
2.7905
2.73616
2.77531
2.80932
2.80573
2.77765
2.77898
2.75059
2.72712
2.78823
2.80694
2.75889
2.71783
2.73031
2.721
1.97345
1.41495
1.80598
2.7005
2.73033
2.77861
2.78305
2.76882
2.76557
2.75213
2.83089
2.77336
2.77161
2.78224
2.64071
1.74133
2.59572
2.74642
2.78489
2.82213
2.74074
2.8394
2.80659
2.79825
2.80276
2.83635
2.7823
2.78243
2.78434
2.80094
2.82286
2.76192
2.67741
2.66107
2.69318
2.60923
1.81259
1.46847
2.69654
2.69101
2.79672
2.67736
2.67582
2.69596
2.70297
2.72683
2.62364
2.64784
2.60629
2.57665
2.6185
2.66859
2.64838
2.63775
2.58857
2.70236
2.36691
1.02333
